,slow_len,fast_len,sig_len,rsi_len,rsi_lb,rsi_ub,stop_loss,score,win_rate,trade_freq,best_trade_diff,worst_trade_diff
0,26,12,9,4,25,60,0.05,-309.8558415565083,0.0,2/3000,-193.76050000000032,-193.76050000000032
1,26,12,9,4,25,60,0.1,-315.60529425312365,0.0,2/3000,-387.52099999999973,-387.52099999999973
2,26,12,9,4,25,60,0.15,-321.354746949739,0.0,2/3000,-581.2815,-581.2815
3,26,12,9,4,25,60,0.2,-162.55229705262252,1.0,2/3000,4770.47,4770.47
4,26,12,9,4,25,60,0.3,-162.55229705262252,1.0,2/3000,4770.47,4770.47
5,26,12,9,4,25,60,0.35,-162.55229705262252,1.0,2/3000,4770.47,4770.47
6,26,12,9,4,25,65,0.05,-280.78929111736295,0.0,2/3000,-193.76050000000032,-193.76050000000032
7,26,12,9,4,25,65,0.1,-288.0685622581438,0.0,2/3000,-387.52099999999973,-387.52099999999973
8,26,12,9,4,25,65,0.15,-295.34783339892465,0.0,2/3000,-581.2815,-581.2815
9,26,12,9,4,25,65,0.2,-94.2911152000097,1.0,2/3000,4770.47,4770.47
10,26,12,9,4,25,65,0.3,-94.2911152000097,1.0,2/3000,4770.47,4770.47
11,26,12,9,4,25,65,0.35,-94.2911152000097,1.0,2/3000,4770.47,4770.47
12,26,12,9,4,25,70,0.05,-328.77675015021896,0.0,1/3000,-193.76050000000032,-193.76050000000032
13,26,12,9,4,25,70,0.1,-333.53036555242846,0.0,1/3000,-387.52099999999973,-387.52099999999973
14,26,12,9,4,25,70,0.15,-338.2839809546379,0.0,1/3000,-581.2815,-581.2815
15,26,12,9,4,25,70,0.2,-206.98700164668847,1.0,1/3000,4770.47,4770.47
16,26,12,9,4,25,70,0.3,-206.98700164668847,1.0,1/3000,4770.47,4770.47
17,26,12,9,4,25,70,0.35,-206.98700164668847,1.0,1/3000,4770.47,4770.47
18,26,12,9,4,25,75,0.05,-328.77675015021896,0.0,1/3000,-193.76050000000032,-193.76050000000032
19,26,12,9,4,25,75,0.1,-333.53036555242846,0.0,1/3000,-387.52099999999973,-387.52099999999973
20,26,12,9,4,25,75,0.15,-338.2839809546379,0.0,1/3000,-581.2815,-581.2815
21,26,12,9,4,25,75,0.2,-197.75874081157968,1.0,1/3000,5146.62,5146.62
22,26,12,9,4,25,75,0.3,-197.75874081157968,1.0,1/3000,5146.62,5146.62
23,26,12,9,4,25,75,0.35,-197.75874081157968,1.0,1/3000,5146.62,5146.62
24,26,12,9,4,30,60,0.05,-315.52527308301956,0.0,3/3000,-193.76050000000032,-309.40400000000045
25,26,12,9,4,30,60,0.1,-326.140498233268,0.0,3/3000,-387.52099999999973,-618.808
26,26,12,9,4,30,60,0.15,-336.1819274294489,0.0,3/3000,-581.2815,-928.2120000000004
27,26,12,9,4,30,60,0.2,-214.27118999920478,0.5,3/3000,4770.47,-1237.616
28,26,12,9,4,30,60,0.3,-239.87422159832914,0.5,3/3000,4770.47,-1856.424
29,26,12,9,4,30,60,0.35,-252.67573739789134,0.5,3/3000,4770.47,-2165.828
30,26,12,9,4,30,65,0.05,-287.96724899844287,0.0,3/3000,-193.76050000000032,-309.40400000000045
31,26,12,9,4,30,65,0.1,-301.4069807723182,0.0,3/3000,-387.52099999999973,-618.808
32,26,12,9,4,30,65,0.15,-314.1202405584166,0.0,3/3000,-581.2815,-928.2120000000004
33,26,12,9,4,30,65,0.2,-159.77140779913316,0.5,3/3000,4770.47,-1237.616
34,26,12,9,4,30,65,0.3,-192.18691217326648,0.5,3/3000,4770.47,-1856.424
35,26,12,9,4,30,65,0.35,-208.3946643603331,0.5,3/3000,4770.47,-2165.828
36,26,12,9,4,30,70,0.05,-309.1810016209174,0.0,2/3000,-193.76050000000032,-309.40400000000045
37,26,12,9,4,30,70,0.1,-320.4464706606333,0.0,2/3000,-387.52099999999973,-618.808
38,26,12,9,4,30,70,0.15,-331.1029954279322,0.0,2/3000,-581.2815,-928.2120000000004
39,26,12,9,4,30,70,0.2,-201.72452076626044,0.5,2/3000,4770.47,-1237.616
40,26,12,9,4,30,70,0.3,-228.89588601950288,0.5,2/3000,4770.47,-1856.424
41,26,12,9,4,30,70,0.35,-242.48156864612412,0.5,2/3000,4770.47,-2165.828
42,26,12,9,4,30,75,0.05,-309.1810016209174,0.0,2/3000,-193.76050000000032,-309.40400000000045
43,26,12,9,4,30,75,0.1,-320.4464706606333,0.0,2/3000,-387.52099999999973,-618.808
44,26,12,9,4,30,75,0.15,-331.1029954279322,0.0,2/3000,-581.2815,-928.2120000000004
45,26,12,9,4,30,75,0.2,-192.26730371450088,0.5,2/3000,5146.62,-1237.616
46,26,12,9,4,30,75,0.3,-220.62082109921323,0.5,2/3000,5146.62,-1856.424
47,26,12,9,4,30,75,0.35,-234.79757979156946,0.5,2/3000,5146.62,-2165.828
48,26,12,9,4,35,60,0.05,-315.52527308301956,0.0,3/3000,-193.76050000000032,-309.40400000000045
49,26,12,9,4,35,60,0.1,-326.140498233268,0.0,3/3000,-387.52099999999973,-618.808
50,26,12,9,4,35,60,0.15,-336.1819274294489,0.0,3/3000,-581.2815,-928.2120000000004
51,26,12,9,4,35,60,0.2,-214.27118999920478,0.5,3/3000,4770.47,-1237.616
52,26,12,9,4,35,60,0.3,-239.87422159832914,0.5,3/3000,4770.47,-1856.424
53,26,12,9,4,35,60,0.35,-252.67573739789134,0.5,3/3000,4770.47,-2165.828
54,26,12,9,4,35,65,0.05,-287.96724899844287,0.0,3/3000,-193.76050000000032,-309.40400000000045
55,26,12,9,4,35,65,0.1,-301.4069807723182,0.0,3/3000,-387.52099999999973,-618.808
56,26,12,9,4,35,65,0.15,-314.1202405584166,0.0,3/3000,-581.2815,-928.2120000000004
57,26,12,9,4,35,65,0.2,-159.77140779913316,0.5,3/3000,4770.47,-1237.616
58,26,12,9,4,35,65,0.3,-192.18691217326648,0.5,3/3000,4770.47,-1856.424
59,26,12,9,4,35,65,0.35,-208.3946643603331,0.5,3/3000,4770.47,-2165.828
60,26,12,9,4,35,70,0.05,-309.1810016209174,0.0,2/3000,-193.76050000000032,-309.40400000000045
61,26,12,9,4,35,70,0.1,-320.4464706606333,0.0,2/3000,-387.52099999999973,-618.808
62,26,12,9,4,35,70,0.15,-331.1029954279322,0.0,2/3000,-581.2815,-928.2120000000004
63,26,12,9,4,35,70,0.2,-201.72452076626044,0.5,2/3000,4770.47,-1237.616
64,26,12,9,4,35,70,0.3,-228.89588601950288,0.5,2/3000,4770.47,-1856.424
65,26,12,9,4,35,70,0.35,-242.48156864612412,0.5,2/3000,4770.47,-2165.828
66,26,12,9,4,35,75,0.05,-309.1810016209174,0.0,2/3000,-193.76050000000032,-309.40400000000045
67,26,12,9,4,35,75,0.1,-320.4464706606333,0.0,2/3000,-387.52099999999973,-618.808
68,26,12,9,4,35,75,0.15,-331.1029954279322,0.0,2/3000,-581.2815,-928.2120000000004
69,26,12,9,4,35,75,0.2,-192.26730371450088,0.5,2/3000,5146.62,-1237.616
70,26,12,9,4,35,75,0.3,-220.62082109921323,0.5,2/3000,5146.62,-1856.424
71,26,12,9,4,35,75,0.35,-234.79757979156946,0.5,2/3000,5146.62,-2165.828
72,26,12,9,4,40,60,0.05,-263.6650925221527,0.2,6/3000,3628.79,-414.6220000000003
73,26,12,9,4,40,60,0.1,-293.8933920870299,0.2,6/3000,3628.79,-829.2439999999997
74,26,12,9,4,40,60,0.15,-287.81225370058854,0.4,6/3000,3628.79,-1167.603
75,26,12,9,4,40,60,0.2,-113.85910822669729,0.6,6/3000,4770.47,-1556.804
76,26,12,9,4,40,60,0.3,-66.32810204188513,0.8,6/3000,4770.47,-1856.424
77,26,12,9,4,40,60,0.35,-91.52576923833618,0.8,6/3000,4770.47,-2165.828
78,26,12,9,4,40,65,0.05,-228.99788079444755,0.2,5/3000,3628.79,-414.6220000000003
79,26,12,9,4,40,65,0.1,-265.96830542925727,0.2,5/3000,3628.79,-829.2439999999997
80,26,12,9,4,40,65,0.15,-258.5308289040808,0.4,5/3000,3628.79,-1167.603
81,26,12,9,4,40,65,0.2,-45.779144313689756,0.6,5/3000,4770.47,-1556.804
82,26,12,9,4,40,65,0.3,12.35318556483378,0.8,5/3000,4770.47,-1856.424
83,26,12,9,4,40,65,0.35,-18.464573603525878,0.8,5/3000,4770.47,-2165.828
84,26,12,9,4,40,70,0.05,-228.99788079444755,0.2,5/3000,3628.79,-414.6220000000003
85,26,12,9,4,40,70,0.1,-265.96830542925727,0.2,5/3000,3628.79,-829.2439999999997
86,26,12,9,4,40,70,0.15,-297.2644372319734,0.2,5/3000,3628.79,-1243.866
87,26,12,9,4,40,70,0.2,-152.49798620411894,0.4,5/3000,4770.47,-1658.4879999999994
88,26,12,9,4,40,70,0.3,36.49477736052427,0.75,4/3000,4770.47,-2335.206
89,26,12,9,4,40,70,0.35,3.9526187781867748,0.75,4/3000,4770.47,-2724.407
90,26,12,9,4,40,75,0.05,-228.99788079444755,0.2,5/3000,3628.79,-414.6220000000003
91,26,12,9,4,40,75,0.1,-265.96830542925727,0.2,5/3000,3628.79,-829.2439999999997
92,26,12,9,4,40,75,0.15,-297.2644372319734,0.2,5/3000,3628.79,-1243.866
93,26,12,9,4,40,75,0.2,-210.38770713980105,0.3333333333333333,3/3000,5146.62,-1556.804
94,26,12,9,4,40,75,0.3,-190.36412301415248,0.5,2/3000,5146.62,-2335.206
95,26,12,9,4,40,75,0.35,-206.7020744268701,0.5,2/3000,5146.62,-2724.407
96,26,12,9,8,25,60,0.05,-309.8558415565083,0.0,2/3000,-193.76050000000032,-193.76050000000032
97,26,12,9,8,25,60,0.1,-315.60529425312365,0.0,2/3000,-387.52099999999973,-387.52099999999973
98,26,12,9,8,25,60,0.15,-321.354746949739,0.0,2/3000,-581.2815,-581.2815
99,26,12,9,8,25,60,0.2,-270.2150906233268,1.0,2/3000,1142.1599999999999,1142.1599999999999
100,26,12,9,8,25,60,0.3,-270.2150906233268,1.0,2/3000,1142.1599999999999,1142.1599999999999
101,26,12,9,8,25,60,0.35,-270.2150906233268,1.0,2/3000,1142.1599999999999,1142.1599999999999
102,26,12,9,8,25,65,0.05,-309.8558415565083,0.0,2/3000,-193.76050000000032,-193.76050000000032
103,26,12,9,8,25,65,0.1,-315.60529425312365,0.0,2/3000,-387.52099999999973,-387.52099999999973
104,26,12,9,8,25,65,0.15,-321.354746949739,0.0,2/3000,-581.2815,-581.2815
105,26,12,9,8,25,65,0.2,-162.55229705262252,1.0,2/3000,4770.47,4770.47
106,26,12,9,8,25,65,0.3,-162.55229705262252,1.0,2/3000,4770.47,4770.47
107,26,12,9,8,25,65,0.35,-162.55229705262252,1.0,2/3000,4770.47,4770.47
108,26,12,9,8,25,70,0.05,-309.8558415565083,0.0,2/3000,-193.76050000000032,-193.76050000000032
109,26,12,9,8,25,70,0.1,-315.60529425312365,0.0,2/3000,-387.52099999999973,-387.52099999999973
110,26,12,9,8,25,70,0.15,-321.354746949739,0.0,2/3000,-581.2815,-581.2815
111,26,12,9,8,25,70,0.2,-162.55229705262252,1.0,2/3000,4770.47,4770.47
112,26,12,9,8,25,70,0.3,-162.55229705262252,1.0,2/3000,4770.47,4770.47
113,26,12,9,8,25,70,0.35,-162.55229705262252,1.0,2/3000,4770.47,4770.47
114,26,12,9,8,25,75,0.05,-328.77675015021896,0.0,1/3000,-193.76050000000032,-193.76050000000032
115,26,12,9,8,25,75,0.1,-333.53036555242846,0.0,1/3000,-387.52099999999973,-387.52099999999973
116,26,12,9,8,25,75,0.15,-338.2839809546379,0.0,1/3000,-581.2815,-581.2815
117,26,12,9,8,25,75,0.2,-197.75874081157968,1.0,1/3000,5146.62,5146.62
118,26,12,9,8,25,75,0.3,-197.75874081157968,1.0,1/3000,5146.62,5146.62
119,26,12,9,8,25,75,0.35,-197.75874081157968,1.0,1/3000,5146.62,5146.62
120,26,12,9,8,30,60,0.05,-320.9004664992648,0.0,4/3000,-193.76050000000032,-414.6220000000003
121,26,12,9,8,30,60,0.1,-335.6032279299171,0.0,4/3000,-387.52099999999973,-829.2439999999997
122,26,12,9,8,30,60,0.15,-326.398109324502,0.3333333333333333,4/3000,997.0799999999999,-928.2120000000004
123,26,12,9,8,30,60,0.2,-286.2030064357306,0.6666666666666666,4/3000,1142.1599999999999,-1237.616
124,26,12,9,8,30,60,0.3,-302.81456098028923,0.6666666666666666,4/3000,1142.1599999999999,-1856.424
125,26,12,9,8,30,60,0.35,-311.12033825256856,0.6666666666666666,4/3000,1142.1599999999999,-2165.828
126,26,12,9,8,30,65,0.05,-320.9004664992648,0.0,4/3000,-193.76050000000032,-414.6220000000003
127,26,12,9,8,30,65,0.1,-335.6032279299171,0.0,4/3000,-387.52099999999973,-829.2439999999997
128,26,12,9,8,30,65,0.15,-348.75983723349015,0.0,4/3000,-581.2815,-1243.866
129,26,12,9,8,30,65,0.2,-255.5635955028703,0.3333333333333333,4/3000,4770.47,-1658.4879999999994
130,26,12,9,8,30,65,0.3,-195.97380091905728,0.6666666666666666,4/3000,4770.47,-1856.424
131,26,12,9,8,30,65,0.35,-211.9110610528532,0.6666666666666666,4/3000,4770.47,-2165.828
132,26,12,9,8,30,70,0.05,-320.9004664992648,0.0,4/3000,-193.76050000000032,-414.6220000000003
133,26,12,9,8,30,70,0.1,-335.6032279299171,0.0,4/3000,-387.52099999999973,-829.2439999999997
134,26,12,9,8,30,70,0.15,-348.75983723349015,0.0,4/3000,-581.2815,-1243.866
135,26,12,9,8,30,70,0.2,-255.5635955028703,0.3333333333333333,4/3000,4770.47,-1658.4879999999994
136,26,12,9,8,30,70,0.3,-195.97380091905728,0.6666666666666666,4/3000,4770.47,-1856.424
137,26,12,9,8,30,70,0.35,-211.9110610528532,0.6666666666666666,4/3000,4770.47,-2165.828
138,26,12,9,8,30,75,0.05,-314.8854566989879,0.0,3/3000,-193.76050000000032,-414.6220000000003
139,26,12,9,8,30,75,0.1,-330.4888472395519,0.0,3/3000,-387.52099999999973,-829.2439999999997
140,26,12,9,8,30,75,0.15,-344.4513748995114,0.0,3/3000,-581.2815,-1243.866
141,26,12,9,8,30,75,0.2,-192.26730371450088,0.5,2/3000,5146.62,-1237.616
142,26,12,9,8,30,75,0.3,-220.62082109921323,0.5,2/3000,5146.62,-1856.424
143,26,12,9,8,30,75,0.35,-234.79757979156946,0.5,2/3000,5146.62,-2165.828
144,26,12,9,8,35,60,0.05,-263.6650925221527,0.2,6/3000,3628.79,-414.6220000000003
145,26,12,9,8,35,60,0.1,-293.8933920870299,0.2,6/3000,3628.79,-829.2439999999997
146,26,12,9,8,35,60,0.15,-287.81225370058854,0.4,6/3000,3628.79,-1167.603
147,26,12,9,8,35,60,0.2,-241.95684548592487,0.6,6/3000,3628.79,-1556.804
148,26,12,9,8,35,60,0.3,-214.37305282861053,0.8,6/3000,3628.79,-1856.424
149,26,12,9,8,35,60,0.35,-228.9960806831526,0.8,6/3000,3628.79,-2165.828
150,26,12,9,8,35,65,0.05,-263.6650925221527,0.2,6/3000,3628.79,-414.6220000000003
151,26,12,9,8,35,65,0.1,-293.8933920870299,0.2,6/3000,3628.79,-829.2439999999997
152,26,12,9,8,35,65,0.15,-319.48219331663876,0.2,6/3000,3628.79,-1243.866
153,26,12,9,8,35,65,0.2,-201.11612931168798,0.4,6/3000,4770.47,-1658.4879999999994
154,26,12,9,8,35,65,0.3,-26.27080072630997,0.8,6/3000,4770.47,-1856.424
155,26,12,9,8,35,65,0.35,-54.329703731016366,0.8,6/3000,4770.47,-2165.828
156,26,12,9,8,35,70,0.05,-263.6650925221527,0.2,6/3000,3628.79,-414.6220000000003
157,26,12,9,8,35,70,0.1,-293.8933920870299,0.2,6/3000,3628.79,-829.2439999999997
158,26,12,9,8,35,70,0.15,-319.48219331663876,0.2,6/3000,3628.79,-1243.866
159,26,12,9,8,35,70,0.2,-201.11612931168798,0.4,6/3000,4770.47,-1658.4879999999994
160,26,12,9,8,35,70,0.3,-26.27080072630997,0.8,6/3000,4770.47,-1856.424
161,26,12,9,8,35,70,0.35,-54.329703731016366,0.8,6/3000,4770.47,-2165.828
162,26,12,9,8,35,75,0.05,-228.99788079444755,0.2,5/3000,3628.79,-414.6220000000003
163,26,12,9,8,35,75,0.1,-265.96830542925727,0.2,5/3000,3628.79,-829.2439999999997
164,26,12,9,8,35,75,0.15,-297.2644372319734,0.2,5/3000,3628.79,-1243.866
165,26,12,9,8,35,75,0.2,-210.38770713980105,0.3333333333333333,3/3000,5146.62,-1556.804
166,26,12,9,8,35,75,0.3,-190.36412301415248,0.5,2/3000,5146.62,-2335.206
167,26,12,9,8,35,75,0.35,-206.7020744268701,0.5,2/3000,5146.62,-2724.407
168,26,12,9,8,40,60,0.05,-266.5835383831345,0.18181818181818182,12/3000,3628.79,-1939.8145000000004
169,26,12,9,8,40,60,0.1,-282.05447361293,0.2727272727272727,12/3000,3628.79,-3879.629000000001
170,26,12,9,8,40,60,0.15,-304.7671385081767,0.36363636363636365,12/3000,3628.79,-5819.443500000001
171,26,12,9,8,40,60,0.2,-267.4877888912694,0.5,11/3000,3628.79,-7759.257999999998
172,26,12,9,8,40,60,0.3,-291.8665070405385,0.5714285714285714,9/3000,3628.79,-2628.0210000000006
173,26,12,9,8,40,60,0.35,-309.3929420675531,0.5714285714285714,9/3000,3628.79,-3066.0244999999995
174,26,12,9,8,40,65,0.05,-266.5835383831345,0.18181818181818182,12/3000,3628.79,-1939.8145000000004
175,26,12,9,8,40,65,0.1,-282.05447361293,0.2727272727272727,12/3000,3628.79,-3879.629000000001
176,26,12,9,8,40,65,0.15,-332.3469872164054,0.2727272727272727,12/3000,3628.79,-5819.443500000001
177,26,12,9,8,40,65,0.2,-232.53343531182776,0.4,11/3000,4770.47,-7759.257999999998
178,26,12,9,8,40,65,0.3,-258.43742455590154,0.5714285714285714,9/3000,4770.47,-2917.4940000000006
179,26,12,9,8,40,65,0.35,-208.59650523799866,0.7142857142857143,9/3000,4770.47,-3066.0244999999995
180,26,12,9,8,40,70,0.05,-266.5835383831345,0.18181818181818182,12/3000,3628.79,-1939.8145000000004
181,26,12,9,8,40,70,0.1,-282.05447361293,0.2727272727272727,12/3000,3628.79,-3879.629000000001
182,26,12,9,8,40,70,0.15,-332.3469872164054,0.2727272727272727,12/3000,3628.79,-5819.443500000001
183,26,12,9,8,40,70,0.2,-232.53343531182776,0.4,11/3000,4770.47,-7759.257999999998
184,26,12,9,8,40,70,0.3,-258.43742455590154,0.5714285714285714,9/3000,4770.47,-2917.4940000000006
185,26,12,9,8,40,70,0.35,-208.59650523799866,0.7142857142857143,9/3000,4770.47,-3066.0244999999995
186,26,12,9,8,40,75,0.05,-160.8377609172142,0.18181818181818182,11/3000,8031.129999999999,-1939.8145000000004
187,26,12,9,8,40,75,0.1,-242.34931824817818,0.2,10/3000,8031.129999999999,-3879.629000000001
188,26,12,9,8,40,75,0.15,-307.21318287368024,0.2,10/3000,8031.129999999999,-5819.443500000001
189,26,12,9,8,40,75,0.2,-123.5914846585523,0.4,5/3000,8031.129999999999,-7759.257999999998
190,26,12,9,8,40,75,0.3,-88.70130513063174,0.6666666666666666,4/3000,8031.129999999999,-2335.206
191,26,12,9,8,40,75,0.35,-112.30088639217234,0.6666666666666666,4/3000,8031.129999999999,-2724.407
192,26,12,9,14,25,60,0.05,-309.8558415565083,0.0,2/3000,-193.76050000000032,-193.76050000000032
193,26,12,9,14,25,60,0.1,-315.60529425312365,0.0,2/3000,-387.52099999999973,-387.52099999999973
194,26,12,9,14,25,60,0.15,-321.354746949739,0.0,2/3000,-581.2815,-581.2815
195,26,12,9,14,25,60,0.2,-270.2150906233268,1.0,2/3000,1142.1599999999999,1142.1599999999999
196,26,12,9,14,25,60,0.3,-270.2150906233268,1.0,2/3000,1142.1599999999999,1142.1599999999999
197,26,12,9,14,25,60,0.35,-270.2150906233268,1.0,2/3000,1142.1599999999999,1142.1599999999999
198,26,12,9,14,25,65,0.05,-309.8558415565083,0.0,2/3000,-193.76050000000032,-193.76050000000032
199,26,12,9,14,25,65,0.1,-315.60529425312365,0.0,2/3000,-387.52099999999973,-387.52099999999973
200,26,12,9,14,25,65,0.15,-321.354746949739,0.0,2/3000,-581.2815,-581.2815
201,26,12,9,14,25,65,0.2,-270.2150906233268,1.0,2/3000,1142.1599999999999,1142.1599999999999
202,26,12,9,14,25,65,0.3,-270.2150906233268,1.0,2/3000,1142.1599999999999,1142.1599999999999
203,26,12,9,14,25,65,0.35,-270.2150906233268,1.0,2/3000,1142.1599999999999,1142.1599999999999
204,26,12,9,14,25,70,0.05,-309.8558415565083,0.0,2/3000,-193.76050000000032,-193.76050000000032
205,26,12,9,14,25,70,0.1,-315.60529425312365,0.0,2/3000,-387.52099999999973,-387.52099999999973
206,26,12,9,14,25,70,0.15,-321.354746949739,0.0,2/3000,-581.2815,-581.2815
207,26,12,9,14,25,70,0.2,-162.55229705262252,1.0,2/3000,4770.47,4770.47
208,26,12,9,14,25,70,0.3,-162.55229705262252,1.0,2/3000,4770.47,4770.47
209,26,12,9,14,25,70,0.35,-162.55229705262252,1.0,2/3000,4770.47,4770.47
210,26,12,9,14,25,75,0.05,-328.77675015021896,0.0,1/3000,-193.76050000000032,-193.76050000000032
211,26,12,9,14,25,75,0.1,-333.53036555242846,0.0,1/3000,-387.52099999999973,-387.52099999999973
212,26,12,9,14,25,75,0.15,-338.2839809546379,0.0,1/3000,-581.2815,-581.2815
213,26,12,9,14,25,75,0.2,31.53514346136876,1.0,1/3000,14492.79,14492.79
214,26,12,9,14,25,75,0.3,31.53514346136876,1.0,1/3000,14492.79,14492.79
215,26,12,9,14,25,75,0.35,31.53514346136876,1.0,1/3000,14492.79,14492.79
216,26,12,9,14,30,60,0.05,-246.1828343836837,0.3333333333333333,4/3000,3628.79,-414.6220000000003
217,26,12,9,14,30,60,0.1,-263.90517928981967,0.3333333333333333,4/3000,3628.79,-829.2439999999997
218,26,12,9,14,30,60,0.15,-280.66955960643486,0.3333333333333333,4/3000,3628.79,-1243.866
219,26,12,9,14,30,60,0.2,-220.6457983074136,0.6666666666666666,4/3000,3628.79,-1658.4879999999994
220,26,12,9,14,30,60,0.3,-158.79068457066546,1.0,4/3000,3628.79,409.2600000000002
221,26,12,9,14,30,60,0.35,-158.79068457066546,1.0,4/3000,3628.79,409.2600000000002
222,26,12,9,14,30,65,0.05,-246.1828343836837,0.3333333333333333,4/3000,3628.79,-414.6220000000003
223,26,12,9,14,30,65,0.1,-263.90517928981967,0.3333333333333333,4/3000,3628.79,-829.2439999999997
224,26,12,9,14,30,65,0.15,-280.66955960643486,0.3333333333333333,4/3000,3628.79,-1243.866
225,26,12,9,14,30,65,0.2,-220.6457983074136,0.6666666666666666,4/3000,3628.79,-1658.4879999999994
226,26,12,9,14,30,65,0.3,-109.65175606931672,1.0,4/3000,3628.79,1142.1599999999999
227,26,12,9,14,30,65,0.35,-109.65175606931672,1.0,4/3000,3628.79,1142.1599999999999
228,26,12,9,14,30,70,0.05,-246.1828343836837,0.3333333333333333,4/3000,3628.79,-414.6220000000003
229,26,12,9,14,30,70,0.1,-263.90517928981967,0.3333333333333333,4/3000,3628.79,-829.2439999999997
230,26,12,9,14,30,70,0.15,-280.66955960643486,0.3333333333333333,4/3000,3628.79,-1243.866
231,26,12,9,14,30,70,0.2,-77.13698201908011,0.6666666666666666,4/3000,4770.47,-1658.4879999999994
232,26,12,9,14,30,70,0.3,114.12237718645372,1.0,4/3000,4770.47,2051.92
233,26,12,9,14,30,70,0.35,114.12237718645372,1.0,4/3000,4770.47,2051.92
234,26,12,9,14,30,75,0.05,-128.02947466720167,0.3333333333333333,3/3000,12974.96,-414.6220000000003
235,26,12,9,14,30,75,0.1,-157.86172070771397,0.3333333333333333,3/3000,12974.96,-829.2439999999997
236,26,12,9,14,30,75,0.15,-186.08141290819862,0.3333333333333333,3/3000,12974.96,-1243.866
237,26,12,9,14,30,75,0.2,31.53514346136876,1.0,1/3000,14492.79,14492.79
238,26,12,9,14,30,75,0.3,31.53514346136876,1.0,1/3000,14492.79,14492.79
239,26,12,9,14,30,75,0.35,31.53514346136876,1.0,1/3000,14492.79,14492.79
240,26,12,9,14,35,60,0.05,-263.6650925221527,0.2,6/3000,3628.79,-414.6220000000003
241,26,12,9,14,35,60,0.1,-293.8933920870299,0.2,6/3000,3628.79,-829.2439999999997
242,26,12,9,14,35,60,0.15,-319.48219331663876,0.2,6/3000,3628.79,-1243.866
243,26,12,9,14,35,60,0.2,-292.59493987308707,0.4,6/3000,3628.79,-1658.4879999999994
244,26,12,9,14,35,60,0.3,-227.32742671104967,0.8,6/3000,3628.79,-1856.424
245,26,12,9,14,35,60,0.35,-241.02514214541756,0.8,6/3000,3628.79,-2165.828
246,26,12,9,14,35,65,0.05,-263.6650925221527,0.2,6/3000,3628.79,-414.6220000000003
247,26,12,9,14,35,65,0.1,-293.8933920870299,0.2,6/3000,3628.79,-829.2439999999997
248,26,12,9,14,35,65,0.15,-319.48219331663876,0.2,6/3000,3628.79,-1243.866
249,26,12,9,14,35,65,0.2,-292.59493987308707,0.4,6/3000,3628.79,-1658.4879999999994
250,26,12,9,14,35,65,0.3,-191.12649479017648,0.8,6/3000,3628.79,-1856.424
251,26,12,9,14,35,65,0.35,-207.40999107603528,0.8,6/3000,3628.79,-2165.828
252,26,12,9,14,35,70,0.05,-263.6650925221527,0.2,6/3000,3628.79,-414.6220000000003
253,26,12,9,14,35,70,0.1,-293.8933920870299,0.2,6/3000,3628.79,-829.2439999999997
254,26,12,9,14,35,70,0.15,-319.48219331663876,0.2,6/3000,3628.79,-1243.866
255,26,12,9,14,35,70,0.2,-201.11612931168798,0.4,6/3000,4770.47,-1658.4879999999994
256,26,12,9,14,35,70,0.3,-46.58910050263859,0.75,5/3000,4770.47,-2335.206
257,26,12,9,14,35,70,0.35,-73.19669638046435,0.75,5/3000,4770.47,-2724.407
258,26,12,9,14,35,75,0.05,-32.06620163217855,0.2,5/3000,12974.96,-414.6220000000003
259,26,12,9,14,35,75,0.1,-107.3361590235487,0.2,5/3000,12974.96,-829.2439999999997
260,26,12,9,14,35,75,0.15,-171.05353664563762,0.2,5/3000,12974.96,-1243.866
261,26,12,9,14,35,75,0.2,5.823192170248035,0.3333333333333333,3/3000,14492.79,-1556.804
262,26,12,9,14,35,75,0.3,46.590219837574466,0.5,2/3000,14492.79,-2335.206
263,26,12,9,14,35,75,0.35,13.326958221161988,0.5,2/3000,14492.79,-2724.407
264,26,12,9,14,40,60,0.05,-300.02369336593074,0.1,11/3000,3628.79,-1939.8145000000004
265,26,12,9,14,40,60,0.1,-312.1024312861606,0.2,11/3000,3628.79,-3879.629000000001
266,26,12,9,14,40,60,0.15,-310.2406191442876,0.3333333333333333,10/3000,3628.79,-5819.443500000001
267,26,12,9,14,40,60,0.2,-265.7241838927876,0.5,9/3000,3628.79,-7759.257999999998
268,26,12,9,14,40,60,0.3,-262.8961441187538,0.8,7/3000,3628.79,-1856.424
269,26,12,9,14,40,60,0.35,-274.0532368811429,0.8,7/3000,3628.79,-2165.828
270,26,12,9,14,40,65,0.05,-300.02369336593074,0.1,11/3000,3628.79,-1939.8145000000004
271,26,12,9,14,40,65,0.1,-312.1024312861606,0.2,11/3000,3628.79,-3879.629000000001
272,26,12,9,14,40,65,0.15,-289.69159256172577,0.3333333333333333,10/3000,3628.79,-5819.443500000001
273,26,12,9,14,40,65,0.2,-236.77158472897963,0.5,9/3000,3628.79,-7759.257999999998
274,26,12,9,14,40,65,0.3,-233.40968285728513,0.8,7/3000,3628.79,-1856.424
275,26,12,9,14,40,65,0.35,-246.6729514240646,0.8,7/3000,3628.79,-2165.828
276,26,12,9,14,40,70,0.05,-300.02369336593074,0.1,11/3000,3628.79,-1939.8145000000004
277,26,12,9,14,40,70,0.1,-337.60524238082417,0.1111111111111111,10/3000,3628.79,-3879.629000000001
278,26,12,9,14,40,70,0.15,-320.5362421411389,0.25,9/3000,3628.79,-5819.443500000001
279,26,12,9,14,40,70,0.2,-179.80987542581994,0.42857142857142855,8/3000,4770.47,-7759.257999999998
280,26,12,9,14,40,70,0.3,-115.68077226435776,0.75,6/3000,4770.47,-2335.206
281,26,12,9,14,40,70,0.35,-137.35324873063223,0.75,6/3000,4770.47,-2724.407
282,26,12,9,14,40,75,0.05,-122.60091167921172,0.1,10/3000,12974.96,-1939.8145000000004
283,26,12,9,14,40,75,0.1,-216.18082301301064,0.1111111111111111,9/3000,12974.96,-3879.629000000001
284,26,12,9,14,40,75,0.15,-267.67839770687254,0.125,8/3000,12974.96,-5819.443500000001
285,26,12,9,14,40,75,0.2,-79.84006470327347,0.25,4/3000,14492.79,-7759.257999999998
286,26,12,9,14,40,75,0.3,-39.78415099540422,0.5,3/3000,14492.79,-2335.206
287,26,12,9,14,40,75,0.35,-66.8778146951754,0.5,3/3000,14492.79,-2724.407
288,26,12,9,24,25,60,0.05,-309.8558415565083,0.0,2/3000,-193.76050000000032,-193.76050000000032
289,26,12,9,24,25,60,0.1,-315.60529425312365,0.0,2/3000,-387.52099999999973,-387.52099999999973
290,26,12,9,24,25,60,0.15,-321.354746949739,0.0,2/3000,-581.2815,-581.2815
291,26,12,9,24,25,60,0.2,-270.2150906233268,1.0,2/3000,1142.1599999999999,1142.1599999999999
292,26,12,9,24,25,60,0.3,-270.2150906233268,1.0,2/3000,1142.1599999999999,1142.1599999999999
293,26,12,9,24,25,60,0.35,-270.2150906233268,1.0,2/3000,1142.1599999999999,1142.1599999999999
294,26,12,9,24,25,65,0.05,-309.8558415565083,0.0,2/3000,-193.76050000000032,-193.76050000000032
295,26,12,9,24,25,65,0.1,-315.60529425312365,0.0,2/3000,-387.52099999999973,-387.52099999999973
296,26,12,9,24,25,65,0.15,-321.354746949739,0.0,2/3000,-581.2815,-581.2815
297,26,12,9,24,25,65,0.2,-270.2150906233268,1.0,2/3000,1142.1599999999999,1142.1599999999999
298,26,12,9,24,25,65,0.3,-270.2150906233268,1.0,2/3000,1142.1599999999999,1142.1599999999999
299,26,12,9,24,25,65,0.35,-270.2150906233268,1.0,2/3000,1142.1599999999999,1142.1599999999999
300,26,12,9,24,25,70,0.05,-194.49444675512623,0.0,2/3000,-193.76050000000032,-193.76050000000032
301,26,12,9,24,25,70,0.1,-206.31555180970906,0.0,2/3000,-387.52099999999973,-387.52099999999973
302,26,12,9,24,25,70,0.15,-218.13665686429192,0.0,2/3000,-581.2815,-581.2815
303,26,12,9,24,25,70,0.2,108.36754139862148,1.0,2/3000,4770.47,4770.47
304,26,12,9,24,25,70,0.3,108.36754139862148,1.0,2/3000,4770.47,4770.47
305,26,12,9,24,25,70,0.35,108.36754139862148,1.0,2/3000,4770.47,4770.47
306,26,12,9,24,25,75,0.05,-328.77675015021896,0.0,1/3000,-193.76050000000032,-193.76050000000032
307,26,12,9,24,25,75,0.1,-333.53036555242846,0.0,1/3000,-387.52099999999973,-387.52099999999973
308,26,12,9,24,25,75,0.15,-338.2839809546379,0.0,1/3000,-581.2815,-581.2815
309,26,12,9,24,25,75,0.2,31.53514346136876,1.0,1/3000,14492.79,14492.79
310,26,12,9,24,25,75,0.3,31.53514346136876,1.0,1/3000,14492.79,14492.79
311,26,12,9,24,25,75,0.35,31.53514346136876,1.0,1/3000,14492.79,14492.79
312,26,12,9,24,30,60,0.05,-309.8558415565083,0.0,2/3000,-193.76050000000032,-193.76050000000032
313,26,12,9,24,30,60,0.1,-315.60529425312365,0.0,2/3000,-387.52099999999973,-387.52099999999973
314,26,12,9,24,30,60,0.15,-321.354746949739,0.0,2/3000,-581.2815,-581.2815
315,26,12,9,24,30,60,0.2,-270.2150906233268,1.0,2/3000,1142.1599999999999,1142.1599999999999
316,26,12,9,24,30,60,0.3,-270.2150906233268,1.0,2/3000,1142.1599999999999,1142.1599999999999
317,26,12,9,24,30,60,0.35,-270.2150906233268,1.0,2/3000,1142.1599999999999,1142.1599999999999
318,26,12,9,24,30,65,0.05,-309.8558415565083,0.0,2/3000,-193.76050000000032,-193.76050000000032
319,26,12,9,24,30,65,0.1,-315.60529425312365,0.0,2/3000,-387.52099999999973,-387.52099999999973
320,26,12,9,24,30,65,0.15,-321.354746949739,0.0,2/3000,-581.2815,-581.2815
321,26,12,9,24,30,65,0.2,-270.2150906233268,1.0,2/3000,1142.1599999999999,1142.1599999999999
322,26,12,9,24,30,65,0.3,-270.2150906233268,1.0,2/3000,1142.1599999999999,1142.1599999999999
323,26,12,9,24,30,65,0.35,-270.2150906233268,1.0,2/3000,1142.1599999999999,1142.1599999999999
324,26,12,9,24,30,70,0.05,-194.49444675512623,0.0,2/3000,-193.76050000000032,-193.76050000000032
325,26,12,9,24,30,70,0.1,-206.31555180970906,0.0,2/3000,-387.52099999999973,-387.52099999999973
326,26,12,9,24,30,70,0.15,-218.13665686429192,0.0,2/3000,-581.2815,-581.2815
327,26,12,9,24,30,70,0.2,108.36754139862148,1.0,2/3000,4770.47,4770.47
328,26,12,9,24,30,70,0.3,108.36754139862148,1.0,2/3000,4770.47,4770.47
329,26,12,9,24,30,70,0.35,108.36754139862148,1.0,2/3000,4770.47,4770.47
330,26,12,9,24,30,75,0.05,-328.77675015021896,0.0,1/3000,-193.76050000000032,-193.76050000000032
331,26,12,9,24,30,75,0.1,-333.53036555242846,0.0,1/3000,-387.52099999999973,-387.52099999999973
332,26,12,9,24,30,75,0.15,-338.2839809546379,0.0,1/3000,-581.2815,-581.2815
333,26,12,9,24,30,75,0.2,31.53514346136876,1.0,1/3000,14492.79,14492.79
334,26,12,9,24,30,75,0.3,31.53514346136876,1.0,1/3000,14492.79,14492.79
335,26,12,9,24,30,75,0.35,31.53514346136876,1.0,1/3000,14492.79,14492.79
336,26,12,9,24,35,60,0.05,-236.71759747043723,0.5,3/3000,3628.79,-193.76050000000032
337,26,12,9,24,35,60,0.1,-246.31643143474054,0.5,3/3000,3628.79,-387.52099999999973
338,26,12,9,24,35,60,0.15,-255.91526539904385,0.5,3/3000,3628.79,-581.2815
339,26,12,9,24,35,60,0.2,-170.53651789534828,1.0,3/3000,3628.79,1142.1599999999999
340,26,12,9,24,35,60,0.3,-170.53651789534828,1.0,3/3000,3628.79,1142.1599999999999
341,26,12,9,24,35,60,0.35,-170.53651789534828,1.0,3/3000,3628.79,1142.1599999999999
342,26,12,9,24,35,65,0.05,-192.2850536893721,0.5,3/3000,5826.7699999999995,-193.76050000000032
343,26,12,9,24,35,65,0.1,-204.22244258952082,0.5,3/3000,5826.7699999999995,-387.52099999999973
344,26,12,9,24,35,65,0.15,-216.15983148966964,0.5,3/3000,5826.7699999999995,-581.2815
345,26,12,9,24,35,65,0.2,-109.9803396316498,1.0,3/3000,5826.7699999999995,1142.1599999999999
346,26,12,9,24,35,65,0.3,-109.9803396316498,1.0,3/3000,5826.7699999999995,1142.1599999999999
347,26,12,9,24,35,65,0.35,-109.9803396316498,1.0,3/3000,5826.7699999999995,1142.1599999999999
348,26,12,9,24,35,70,0.05,218.0023803527173,0.5,3/3000,9935.369999999999,-193.76050000000032
349,26,12,9,24,35,70,0.1,184.4709159766693,0.5,3/3000,9935.369999999999,-387.52099999999973
350,26,12,9,24,35,70,0.15,150.93945160062083,0.5,3/3000,9935.369999999999,-581.2815
351,26,12,9,24,35,70,0.2,1077.093465301623,1.0,3/3000,9935.369999999999,4770.47
352,26,12,9,24,35,70,0.3,1077.093465301623,1.0,3/3000,9935.369999999999,4770.47
353,26,12,9,24,35,70,0.35,1077.093465301623,1.0,3/3000,9935.369999999999,4770.47
354,26,12,9,24,35,75,0.05,-112.09652234496463,0.5,2/3000,12974.96,-193.76050000000032
355,26,12,9,24,35,75,0.1,-128.2543602632402,0.5,2/3000,12974.96,-387.52099999999973
356,26,12,9,24,35,75,0.15,-144.4121981815157,0.5,2/3000,12974.96,-581.2815
357,26,12,9,24,35,75,0.2,31.53514346136876,1.0,1/3000,14492.79,14492.79
358,26,12,9,24,35,75,0.3,31.53514346136876,1.0,1/3000,14492.79,14492.79
359,26,12,9,24,35,75,0.35,31.53514346136876,1.0,1/3000,14492.79,14492.79
360,26,12,9,24,40,60,0.05,-271.7317800423354,0.16666666666666666,7/3000,3628.79,-1939.8145000000004
361,26,12,9,24,40,60,0.1,-254.71071451746172,0.3333333333333333,7/3000,3628.79,-3879.629000000001
362,26,12,9,24,40,60,0.15,-288.3076732997978,0.3333333333333333,7/3000,3628.79,-5819.443500000001
363,26,12,9,24,40,60,0.2,-253.00590446711075,0.5,7/3000,3628.79,-7759.257999999998
364,26,12,9,24,40,60,0.3,-195.50663351467398,1.0,6/3000,3628.79,409.2600000000002
365,26,12,9,24,40,60,0.35,-195.50663351467398,1.0,6/3000,3628.79,409.2600000000002
366,26,12,9,24,40,65,0.05,-235.82970879393605,0.16666666666666666,7/3000,5826.7699999999995,-1939.8145000000004
367,26,12,9,24,40,65,0.1,-279.24115325869116,0.16666666666666666,7/3000,5826.7699999999995,-3879.629000000001
368,26,12,9,24,40,65,0.15,-314.00629438675526,0.16666666666666666,7/3000,5826.7699999999995,-5819.443500000001
369,26,12,9,24,40,65,0.2,-293.4912668098827,0.3333333333333333,7/3000,5826.7699999999995,-7759.257999999998
370,26,12,9,24,40,65,0.3,-200.11546342344968,0.75,6/3000,5826.7699999999995,-2335.206
371,26,12,9,24,40,65,0.35,-215.7568905212176,0.75,6/3000,5826.7699999999995,-2724.407
372,26,12,9,24,40,70,0.05,95.68785549143968,0.16666666666666666,7/3000,9935.369999999999,-1939.8145000000004
373,26,12,9,24,40,70,0.1,-26.25248805928311,0.16666666666666666,7/3000,9935.369999999999,-3879.629000000001
374,26,12,9,24,40,70,0.15,-123.90584433466086,0.16666666666666666,7/3000,9935.369999999999,-5819.443500000001
375,26,12,9,24,40,70,0.2,188.85794736421917,0.3333333333333333,7/3000,9935.369999999999,-7759.257999999998
376,26,12,9,24,40,70,0.3,175.67224722220226,0.5,6/3000,9935.369999999999,-2487.732000000001
377,26,12,9,24,40,70,0.35,93.73996339368784,0.5,6/3000,9935.369999999999,-2902.3540000000003
378,26,12,9,24,40,75,0.05,-52.15265157060469,0.16666666666666666,6/3000,12974.96,-1939.8145000000004
379,26,12,9,24,40,75,0.1,-139.07297352784195,0.16666666666666666,6/3000,12974.96,-3879.629000000001
380,26,12,9,24,40,75,0.15,-208.68128297245096,0.16666666666666666,6/3000,12974.96,-5819.443500000001
381,26,12,9,24,40,75,0.2,-79.84006470327347,0.25,4/3000,14492.79,-7759.257999999998
382,26,12,9,24,40,75,0.3,-39.78415099540422,0.5,3/3000,14492.79,-2335.206
383,26,12,9,24,40,75,0.35,-66.8778146951754,0.5,3/3000,14492.79,-2724.407
