,rsi_len,rsi_lb,rsi_ub,stop_loss,score,win_rate,trade_freq,best_trade_buy,best_trade_win,best_trade_sell,best_trade_diff,worst_trade_buy,worst_trade_win,worst_trade_sell,worst_trade_diff
0,4,25,60,0.05,-44.755218670047654,0.0,2/3000,54096.52,False,51391.693999999996,-2704.826000000001,54096.52,False,51391.693999999996,-2704.826000000001
1,4,25,60,0.1,-37.43417929630219,1.0,2/3000,54096.52,True,54950.28,853.760000000002,54096.52,True,54950.28,853.760000000002
2,4,25,60,0.15,-37.43417929630219,1.0,2/3000,54096.52,True,54950.28,853.760000000002,54096.52,True,54950.28,853.760000000002
3,4,25,60,0.2,-37.43417929630219,1.0,2/3000,54096.52,True,54950.28,853.760000000002,54096.52,True,54950.28,853.760000000002
4,4,25,60,0.3,-37.43417929630219,1.0,2/3000,54096.52,True,54950.28,853.760000000002,54096.52,True,54950.28,853.760000000002
5,4,25,60,0.35,-37.43417929630219,1.0,2/3000,54096.52,True,54950.28,853.760000000002,54096.52,True,54950.28,853.760000000002
6,4,25,65,0.05,-45.89850369521079,0.0,2/3000,54096.52,False,51391.693999999996,-2704.826000000001,54096.52,False,51391.693999999996,-2704.826000000001
7,4,25,65,0.1,-38.65663038445899,1.0,2/3000,54096.52,True,54950.28,853.760000000002,54096.52,True,54950.28,853.760000000002
8,4,25,65,0.15,-38.65663038445899,1.0,2/3000,54096.52,True,54950.28,853.760000000002,54096.52,True,54950.28,853.760000000002
9,4,25,65,0.2,-38.65663038445899,1.0,2/3000,54096.52,True,54950.28,853.760000000002,54096.52,True,54950.28,853.760000000002
10,4,25,65,0.3,-38.65663038445899,1.0,2/3000,54096.52,True,54950.28,853.760000000002,54096.52,True,54950.28,853.760000000002
11,4,25,65,0.35,-38.65663038445899,1.0,2/3000,54096.52,True,54950.28,853.760000000002,54096.52,True,54950.28,853.760000000002
12,4,25,70,0.05,-45.89850369521079,0.0,2/3000,54096.52,False,51391.693999999996,-2704.826000000001,54096.52,False,51391.693999999996,-2704.826000000001
13,4,25,70,0.1,-21.365770729191098,1.0,2/3000,54096.52,True,63446.84,9350.32,54096.52,True,63446.84,9350.32
14,4,25,70,0.15,-21.365770729191098,1.0,2/3000,54096.52,True,63446.84,9350.32,54096.52,True,63446.84,9350.32
15,4,25,70,0.2,-21.365770729191098,1.0,2/3000,54096.52,True,63446.84,9350.32,54096.52,True,63446.84,9350.32
16,4,25,70,0.3,-21.365770729191098,1.0,2/3000,54096.52,True,63446.84,9350.32,54096.52,True,63446.84,9350.32
17,4,25,70,0.35,-21.365770729191098,1.0,2/3000,54096.52,True,63446.84,9350.32,54096.52,True,63446.84,9350.32
18,4,25,75,0.05,-45.89850369521079,0.0,2/3000,54096.52,False,51391.693999999996,-2704.826000000001,54096.52,False,51391.693999999996,-2704.826000000001
19,4,25,75,0.1,-51.40293922652225,0.0,2/3000,54096.52,False,48686.867999999995,-5409.652000000002,54096.52,False,48686.867999999995,-5409.652000000002
20,4,25,75,0.15,-40.5168422704792,0.0,2/3000,54096.52,False,54036.19,-60.32999999999447,54096.52,False,54036.19,-60.32999999999447
21,4,25,75,0.2,-40.5168422704792,0.0,2/3000,54096.52,False,54036.19,-60.32999999999447,54096.52,False,54036.19,-60.32999999999447
22,4,25,75,0.3,-40.5168422704792,0.0,2/3000,54096.52,False,54036.19,-60.32999999999447,54096.52,False,54036.19,-60.32999999999447
23,4,25,75,0.35,-40.5168422704792,0.0,2/3000,54096.52,False,54036.19,-60.32999999999447,54096.52,False,54036.19,-60.32999999999447
24,4,30,60,0.05,-44.755218670047654,0.0,2/3000,54096.52,False,51391.693999999996,-2704.826000000001,54096.52,False,51391.693999999996,-2704.826000000001
25,4,30,60,0.1,-37.43417929630219,1.0,2/3000,54096.52,True,54950.28,853.760000000002,54096.52,True,54950.28,853.760000000002
26,4,30,60,0.15,-37.43417929630219,1.0,2/3000,54096.52,True,54950.28,853.760000000002,54096.52,True,54950.28,853.760000000002
27,4,30,60,0.2,-37.43417929630219,1.0,2/3000,54096.52,True,54950.28,853.760000000002,54096.52,True,54950.28,853.760000000002
28,4,30,60,0.3,-37.43417929630219,1.0,2/3000,54096.52,True,54950.28,853.760000000002,54096.52,True,54950.28,853.760000000002
29,4,30,60,0.35,-37.43417929630219,1.0,2/3000,54096.52,True,54950.28,853.760000000002,54096.52,True,54950.28,853.760000000002
30,4,30,65,0.05,-45.89850369521079,0.0,2/3000,54096.52,False,51391.693999999996,-2704.826000000001,54096.52,False,51391.693999999996,-2704.826000000001
31,4,30,65,0.1,-38.65663038445899,1.0,2/3000,54096.52,True,54950.28,853.760000000002,54096.52,True,54950.28,853.760000000002
32,4,30,65,0.15,-38.65663038445899,1.0,2/3000,54096.52,True,54950.28,853.760000000002,54096.52,True,54950.28,853.760000000002
33,4,30,65,0.2,-38.65663038445899,1.0,2/3000,54096.52,True,54950.28,853.760000000002,54096.52,True,54950.28,853.760000000002
34,4,30,65,0.3,-38.65663038445899,1.0,2/3000,54096.52,True,54950.28,853.760000000002,54096.52,True,54950.28,853.760000000002
35,4,30,65,0.35,-38.65663038445899,1.0,2/3000,54096.52,True,54950.28,853.760000000002,54096.52,True,54950.28,853.760000000002
36,4,30,70,0.05,-45.89850369521079,0.0,2/3000,54096.52,False,51391.693999999996,-2704.826000000001,54096.52,False,51391.693999999996,-2704.826000000001
37,4,30,70,0.1,-21.365770729191098,1.0,2/3000,54096.52,True,63446.84,9350.32,54096.52,True,63446.84,9350.32
38,4,30,70,0.15,-21.365770729191098,1.0,2/3000,54096.52,True,63446.84,9350.32,54096.52,True,63446.84,9350.32
39,4,30,70,0.2,-21.365770729191098,1.0,2/3000,54096.52,True,63446.84,9350.32,54096.52,True,63446.84,9350.32
40,4,30,70,0.3,-21.365770729191098,1.0,2/3000,54096.52,True,63446.84,9350.32,54096.52,True,63446.84,9350.32
41,4,30,70,0.35,-21.365770729191098,1.0,2/3000,54096.52,True,63446.84,9350.32,54096.52,True,63446.84,9350.32
42,4,30,75,0.05,-45.89850369521079,0.0,2/3000,54096.52,False,51391.693999999996,-2704.826000000001,54096.52,False,51391.693999999996,-2704.826000000001
43,4,30,75,0.1,-51.40293922652225,0.0,2/3000,54096.52,False,48686.867999999995,-5409.652000000002,54096.52,False,48686.867999999995,-5409.652000000002
44,4,30,75,0.15,-40.5168422704792,0.0,2/3000,54096.52,False,54036.19,-60.32999999999447,54096.52,False,54036.19,-60.32999999999447
45,4,30,75,0.2,-40.5168422704792,0.0,2/3000,54096.52,False,54036.19,-60.32999999999447,54096.52,False,54036.19,-60.32999999999447
46,4,30,75,0.3,-40.5168422704792,0.0,2/3000,54096.52,False,54036.19,-60.32999999999447,54096.52,False,54036.19,-60.32999999999447
47,4,30,75,0.35,-40.5168422704792,0.0,2/3000,54096.52,False,54036.19,-60.32999999999447,54096.52,False,54036.19,-60.32999999999447
48,4,35,60,0.05,-3.051451807945142,0.6666666666666666,4/3000,32254.62,True,39429.81,7175.189999999999,54096.52,False,51391.693999999996,-2704.826000000001
49,4,35,60,0.1,7.1573390554231935,1.0,4/3000,32254.62,True,39429.81,7175.189999999999,54096.52,True,54950.28,853.760000000002
50,4,35,60,0.15,7.1573390554231935,1.0,4/3000,32254.62,True,39429.81,7175.189999999999,54096.52,True,54950.28,853.760000000002
51,4,35,60,0.2,7.1573390554231935,1.0,4/3000,32254.62,True,39429.81,7175.189999999999,54096.52,True,54950.28,853.760000000002
52,4,35,60,0.3,7.1573390554231935,1.0,4/3000,32254.62,True,39429.81,7175.189999999999,54096.52,True,54950.28,853.760000000002
53,4,35,60,0.35,7.1573390554231935,1.0,4/3000,32254.62,True,39429.81,7175.189999999999,54096.52,True,54950.28,853.760000000002
54,4,35,65,0.05,-29.510822646870466,0.3333333333333333,4/3000,32254.62,True,39429.81,7175.189999999999,54096.52,False,51391.693999999996,-2704.826000000001
55,4,35,65,0.1,-27.94201474334089,0.6666666666666666,4/3000,32254.62,True,39429.81,7175.189999999999,32156.31,False,28940.679,-3215.631000000001
56,4,35,65,0.15,-17.963949140828504,1.0,4/3000,32254.62,True,39429.81,7175.189999999999,54096.52,True,54950.28,853.760000000002
57,4,35,65,0.2,-17.963949140828504,1.0,4/3000,32254.62,True,39429.81,7175.189999999999,54096.52,True,54950.28,853.760000000002
58,4,35,65,0.3,-17.963949140828504,1.0,4/3000,32254.62,True,39429.81,7175.189999999999,54096.52,True,54950.28,853.760000000002
59,4,35,65,0.35,-17.963949140828504,1.0,4/3000,32254.62,True,39429.81,7175.189999999999,54096.52,True,54950.28,853.760000000002
60,4,35,70,0.05,-29.510822646870466,0.3333333333333333,4/3000,32254.62,True,39429.81,7175.189999999999,54096.52,False,51391.693999999996,-2704.826000000001
61,4,35,70,0.1,-8.994432416747202,0.6666666666666666,4/3000,54096.52,True,63446.84,9350.32,32156.31,False,28940.679,-3215.631000000001
62,4,35,70,0.15,2.5264685102745545,1.0,4/3000,54096.52,True,63446.84,9350.32,32254.62,True,39429.81,7175.189999999999
63,4,35,70,0.2,2.5264685102745545,1.0,4/3000,54096.52,True,63446.84,9350.32,32254.62,True,39429.81,7175.189999999999
64,4,35,70,0.3,2.5264685102745545,1.0,4/3000,54096.52,True,63446.84,9350.32,32254.62,True,39429.81,7175.189999999999
65,4,35,70,0.35,2.5264685102745545,1.0,4/3000,54096.52,True,63446.84,9350.32,32254.62,True,39429.81,7175.189999999999
66,4,35,75,0.05,-29.510822646870466,0.3333333333333333,4/3000,32254.62,True,39429.81,7175.189999999999,54096.52,False,51391.693999999996,-2704.826000000001
67,4,35,75,0.1,-41.909610395625435,0.3333333333333333,4/3000,32254.62,True,39429.81,7175.189999999999,54096.52,False,48686.867999999995,-5409.652000000002
68,4,35,75,0.15,-20.16838080148844,0.5,4/3000,32254.62,True,39429.81,7175.189999999999,54096.52,False,54036.19,-60.32999999999447
69,4,35,75,0.2,-20.16838080148844,0.5,4/3000,32254.62,True,39429.81,7175.189999999999,54096.52,False,54036.19,-60.32999999999447
70,4,35,75,0.3,-20.16838080148844,0.5,4/3000,32254.62,True,39429.81,7175.189999999999,54096.52,False,54036.19,-60.32999999999447
71,4,35,75,0.35,-20.16838080148844,0.5,4/3000,32254.62,True,39429.81,7175.189999999999,54096.52,False,54036.19,-60.32999999999447
72,4,40,60,0.05,2.805242954845653,0.5714285714285714,8/3000,32254.62,True,39429.81,7175.189999999999,54096.52,False,51391.693999999996,-2704.826000000001
73,4,40,60,0.1,-3.379279395131846,0.7142857142857143,8/3000,32254.62,True,39429.81,7175.189999999999,36800.99,False,33120.890999999996,-3680.099000000002
74,4,40,60,0.15,-19.27008951496171,0.7142857142857143,8/3000,32254.62,True,39429.81,7175.189999999999,36800.99,False,31280.8415,-5520.148499999999
75,4,40,60,0.2,-0.26887477077943345,0.8,6/3000,32254.62,True,39429.81,7175.189999999999,35521.21,False,35359.12,-162.0899999999965
76,4,40,60,0.3,-0.26887477077943345,0.8,6/3000,32254.62,True,39429.81,7175.189999999999,35521.21,False,35359.12,-162.0899999999965
77,4,40,60,0.35,-0.26887477077943345,0.8,6/3000,32254.62,True,39429.81,7175.189999999999,35521.21,False,35359.12,-162.0899999999965
78,4,40,65,0.05,-31.115341122034906,0.3333333333333333,7/3000,32254.62,True,39429.81,7175.189999999999,54096.52,False,51391.693999999996,-2704.826000000001
79,4,40,65,0.1,-37.79738483272283,0.6,7/3000,32254.62,True,39429.81,7175.189999999999,36800.99,False,33120.890999999996,-3680.099000000002
80,4,40,65,0.15,-27.08154596156831,0.75,6/3000,32254.62,True,39429.81,7175.189999999999,36800.99,False,31280.8415,-5520.148499999999
81,4,40,65,0.2,-38.96563977500942,0.75,6/3000,32254.62,True,39429.81,7175.189999999999,36800.99,False,29440.792,-7360.197999999997
82,4,40,65,0.3,-23.37377905017385,1.0,5/3000,32254.62,True,39429.81,7175.189999999999,54096.52,True,54950.28,853.760000000002
83,4,40,65,0.35,-23.37377905017385,1.0,5/3000,32254.62,True,39429.81,7175.189999999999,54096.52,True,54950.28,853.760000000002
84,4,40,70,0.05,-31.115341122034906,0.3333333333333333,7/3000,32254.62,True,39429.81,7175.189999999999,54096.52,False,51391.693999999996,-2704.826000000001
85,4,40,70,0.1,-20.373666320592662,0.6,7/3000,54096.52,True,63446.84,9350.32,36800.99,False,33120.890999999996,-3680.099000000002
86,4,40,70,0.15,-8.000915638996133,0.75,6/3000,54096.52,True,63446.84,9350.32,36800.99,False,31280.8415,-5520.148499999999
87,4,40,70,0.2,-21.722559982325947,0.75,6/3000,54096.52,True,63446.84,9350.32,36800.99,False,29440.792,-7360.197999999997
88,4,40,70,0.3,-3.7198438412812322,1.0,5/3000,54096.52,True,63446.84,9350.32,49127.39,True,54036.19,4908.800000000003
89,4,40,70,0.35,-3.7198438412812322,1.0,5/3000,54096.52,True,63446.84,9350.32,49127.39,True,54036.19,4908.800000000003
90,4,40,75,0.05,-31.115341122034906,0.3333333333333333,7/3000,32254.62,True,39429.81,7175.189999999999,54096.52,False,51391.693999999996,-2704.826000000001
91,4,40,75,0.1,-50.64163328309547,0.4,7/3000,32254.62,True,39429.81,7175.189999999999,54096.52,False,48686.867999999995,-5409.652000000002
92,4,40,75,0.15,-39.93696420912684,0.3333333333333333,5/3000,32254.62,True,39429.81,7175.189999999999,36800.99,False,31280.8415,-5520.148499999999
93,4,40,75,0.2,-50.58302341818717,0.3333333333333333,5/3000,32254.62,True,39429.81,7175.189999999999,36800.99,False,29440.792,-7360.197999999997
94,4,40,75,0.3,-36.61545676465889,0.5,4/3000,32254.62,True,39429.81,7175.189999999999,54096.52,False,54036.19,-60.32999999999447
95,4,40,75,0.35,-36.61545676465889,0.5,4/3000,32254.62,True,39429.81,7175.189999999999,54096.52,False,54036.19,-60.32999999999447
96,8,25,60,0.05,-39.28381101617694,1.0,2/3000,54096.52,True,58399.98,4303.460000000006,54096.52,True,58399.98,4303.460000000006
97,8,25,60,0.1,-39.28381101617694,1.0,2/3000,54096.52,True,58399.98,4303.460000000006,54096.52,True,58399.98,4303.460000000006
98,8,25,60,0.15,-39.28381101617694,1.0,2/3000,54096.52,True,58399.98,4303.460000000006,54096.52,True,58399.98,4303.460000000006
99,8,25,60,0.2,-39.28381101617694,1.0,2/3000,54096.52,True,58399.98,4303.460000000006,54096.52,True,58399.98,4303.460000000006
100,8,25,60,0.3,-39.28381101617694,1.0,2/3000,54096.52,True,58399.98,4303.460000000006,54096.52,True,58399.98,4303.460000000006
101,8,25,60,0.35,-39.28381101617694,1.0,2/3000,54096.52,True,58399.98,4303.460000000006,54096.52,True,58399.98,4303.460000000006
102,8,25,65,0.05,-43.96460811176432,0.0,2/3000,54096.52,False,51391.693999999996,-2704.826000000001,54096.52,False,51391.693999999996,-2704.826000000001
103,8,25,65,0.1,-36.58882339990724,1.0,2/3000,54096.52,True,54950.28,853.760000000002,54096.52,True,54950.28,853.760000000002
104,8,25,65,0.15,-36.58882339990724,1.0,2/3000,54096.52,True,54950.28,853.760000000002,54096.52,True,54950.28,853.760000000002
105,8,25,65,0.2,-36.58882339990724,1.0,2/3000,54096.52,True,54950.28,853.760000000002,54096.52,True,54950.28,853.760000000002
106,8,25,65,0.3,-36.58882339990724,1.0,2/3000,54096.52,True,54950.28,853.760000000002,54096.52,True,54950.28,853.760000000002
107,8,25,65,0.35,-36.58882339990724,1.0,2/3000,54096.52,True,54950.28,853.760000000002,54096.52,True,54950.28,853.760000000002
108,8,25,70,0.05,-45.89850369521079,0.0,2/3000,54096.52,False,51391.693999999996,-2704.826000000001,54096.52,False,51391.693999999996,-2704.826000000001
109,8,25,70,0.1,-21.365770729191098,1.0,2/3000,54096.52,True,63446.84,9350.32,54096.52,True,63446.84,9350.32
110,8,25,70,0.15,-21.365770729191098,1.0,2/3000,54096.52,True,63446.84,9350.32,54096.52,True,63446.84,9350.32
111,8,25,70,0.2,-21.365770729191098,1.0,2/3000,54096.52,True,63446.84,9350.32,54096.52,True,63446.84,9350.32
112,8,25,70,0.3,-21.365770729191098,1.0,2/3000,54096.52,True,63446.84,9350.32,54096.52,True,63446.84,9350.32
113,8,25,70,0.35,-21.365770729191098,1.0,2/3000,54096.52,True,63446.84,9350.32,54096.52,True,63446.84,9350.32
114,8,25,75,0.05,-32.99340648474015,0.0,2/3000,54096.52,False,51391.693999999996,-2704.826000000001,54096.52,False,51391.693999999996,-2704.826000000001
115,8,25,75,0.1,-39.17705765870795,0.0,2/3000,54096.52,False,48686.867999999995,-5409.652000000002,54096.52,False,48686.867999999995,-5409.652000000002
116,8,25,75,0.15,-26.947679035006516,0.0,2/3000,54096.52,False,54036.19,-60.32999999999447,54096.52,False,54036.19,-60.32999999999447
117,8,25,75,0.2,-26.947679035006516,0.0,2/3000,54096.52,False,54036.19,-60.32999999999447,54096.52,False,54036.19,-60.32999999999447
118,8,25,75,0.3,-26.947679035006516,0.0,2/3000,54096.52,False,54036.19,-60.32999999999447,54096.52,False,54036.19,-60.32999999999447
119,8,25,75,0.35,-26.947679035006516,0.0,2/3000,54096.52,False,54036.19,-60.32999999999447,54096.52,False,54036.19,-60.32999999999447
120,8,30,60,0.05,4.578128312455505,1.0,4/3000,32254.62,True,39429.81,7175.189999999999,54096.52,True,58399.98,4303.460000000006
121,8,30,60,0.1,4.578128312455505,1.0,4/3000,32254.62,True,39429.81,7175.189999999999,54096.52,True,58399.98,4303.460000000006
122,8,30,60,0.15,4.578128312455505,1.0,4/3000,32254.62,True,39429.81,7175.189999999999,54096.52,True,58399.98,4303.460000000006
123,8,30,60,0.2,4.578128312455505,1.0,4/3000,32254.62,True,39429.81,7175.189999999999,54096.52,True,58399.98,4303.460000000006
124,8,30,60,0.3,4.578128312455505,1.0,4/3000,32254.62,True,39429.81,7175.189999999999,54096.52,True,58399.98,4303.460000000006
125,8,30,60,0.35,4.578128312455505,1.0,4/3000,32254.62,True,39429.81,7175.189999999999,54096.52,True,58399.98,4303.460000000006
126,8,30,65,0.05,-1.948988423739081,0.6666666666666666,4/3000,32254.62,True,39429.81,7175.189999999999,54096.52,False,51391.693999999996,-2704.826000000001
127,8,30,65,0.1,8.336141833394919,1.0,4/3000,32254.62,True,39429.81,7175.189999999999,54096.52,True,54950.28,853.760000000002
128,8,30,65,0.15,8.336141833394919,1.0,4/3000,32254.62,True,39429.81,7175.189999999999,54096.52,True,54950.28,853.760000000002
129,8,30,65,0.2,8.336141833394919,1.0,4/3000,32254.62,True,39429.81,7175.189999999999,54096.52,True,54950.28,853.760000000002
130,8,30,65,0.3,8.336141833394919,1.0,4/3000,32254.62,True,39429.81,7175.189999999999,54096.52,True,54950.28,853.760000000002
131,8,30,65,0.35,8.336141833394919,1.0,4/3000,32254.62,True,39429.81,7175.189999999999,54096.52,True,54950.28,853.760000000002
132,8,30,70,0.05,4.6157827789979535,0.6666666666666666,4/3000,32254.62,True,39429.81,7175.189999999999,54096.52,False,51391.693999999996,-2704.826000000001
133,8,30,70,0.1,40.99784490961795,1.0,4/3000,54096.52,True,63446.84,9350.32,32156.31,True,39166.33,7010.02
134,8,30,70,0.15,40.99784490961795,1.0,4/3000,54096.52,True,63446.84,9350.32,32156.31,True,39166.33,7010.02
135,8,30,70,0.2,40.99784490961795,1.0,4/3000,54096.52,True,63446.84,9350.32,32156.31,True,39166.33,7010.02
136,8,30,70,0.3,40.99784490961795,1.0,4/3000,54096.52,True,63446.84,9350.32,32156.31,True,39166.33,7010.02
137,8,30,70,0.35,40.99784490961795,1.0,4/3000,54096.52,True,63446.84,9350.32,32156.31,True,39166.33,7010.02
138,8,30,75,0.05,-14.583579977237008,0.3333333333333333,4/3000,32254.62,True,39429.81,7175.189999999999,54096.52,False,51391.693999999996,-2704.826000000001
139,8,30,75,0.1,-28.51230672537268,0.3333333333333333,4/3000,32254.62,True,39429.81,7175.189999999999,54096.52,False,48686.867999999995,-5409.652000000002
140,8,30,75,0.15,-4.088334614419892,0.5,4/3000,32254.62,True,39429.81,7175.189999999999,54096.52,False,54036.19,-60.32999999999447
141,8,30,75,0.2,-4.088334614419892,0.5,4/3000,32254.62,True,39429.81,7175.189999999999,54096.52,False,54036.19,-60.32999999999447
142,8,30,75,0.3,-4.088334614419892,0.5,4/3000,32254.62,True,39429.81,7175.189999999999,54096.52,False,54036.19,-60.32999999999447
143,8,30,75,0.35,-4.088334614419892,0.5,4/3000,32254.62,True,39429.81,7175.189999999999,54096.52,False,54036.19,-60.32999999999447
144,8,35,60,0.05,23.630998320493774,0.7142857142857143,8/3000,32254.62,True,39429.81,7175.189999999999,50500.0,False,47975.0,-2525.0
145,8,35,60,0.1,5.785541940734674,0.7142857142857143,8/3000,32254.62,True,39429.81,7175.189999999999,50500.0,False,45450.0,-5050.0
146,8,35,60,0.15,-11.095295175253597,0.7142857142857143,8/3000,32254.62,True,39429.81,7175.189999999999,50500.0,False,42925.0,-7575.0
147,8,35,60,0.2,-1.0871584617262329,0.7142857142857143,8/3000,32254.62,True,39429.81,7175.189999999999,50500.0,False,40400.0,-10100.0
148,8,35,60,0.3,-19.761611002776533,0.7142857142857143,8/3000,32254.62,True,39429.81,7175.189999999999,50500.0,False,35350.0,-15150.0
149,8,35,60,0.35,-29.098837273301655,0.7142857142857143,8/3000,32254.62,True,39429.81,7175.189999999999,50500.0,False,32825.0,-17675.0
150,8,35,65,0.05,5.0800935269909075,0.5714285714285714,7/3000,32254.62,True,39429.81,7175.189999999999,54096.52,False,51391.693999999996,-2704.826000000001
151,8,35,65,0.1,-1.1962094073149103,0.7142857142857143,7/3000,32254.62,True,39429.81,7175.189999999999,50500.0,False,45450.0,-5050.0
152,8,35,65,0.15,-17.32284498879173,0.7142857142857143,7/3000,32254.62,True,39429.81,7175.189999999999,50500.0,False,42925.0,-7575.0
153,8,35,65,0.2,-3.7120661684532195,0.7142857142857143,7/3000,32254.62,True,39429.81,7175.189999999999,50500.0,False,40400.0,-10100.0
154,8,35,65,0.3,-22.05840524616258,0.7142857142857143,7/3000,32254.62,True,39429.81,7175.189999999999,50500.0,False,35350.0,-15150.0
155,8,35,65,0.35,-31.231574785017287,0.7142857142857143,7/3000,32254.62,True,39429.81,7175.189999999999,50500.0,False,32825.0,-17675.0
156,8,35,70,0.05,9.546757738019096,0.5714285714285714,7/3000,32254.62,True,39429.81,7175.189999999999,54096.52,False,51391.693999999996,-2704.826000000001
157,8,35,70,0.1,26.836117384516598,0.7142857142857143,7/3000,54096.52,True,63446.84,9350.32,50500.0,False,45450.0,-5050.0
158,8,35,70,0.15,7.681298353304925,0.7142857142857143,7/3000,54096.52,True,63446.84,9350.32,50500.0,False,42925.0,-7575.0
159,8,35,70,0.2,3.8214968263043545,0.8333333333333334,7/3000,54096.52,True,63446.84,9350.32,50500.0,False,40400.0,-10100.0
160,8,35,70,0.3,-15.466537625749737,0.8333333333333334,7/3000,54096.52,True,63446.84,9350.32,50500.0,False,35350.0,-15150.0
161,8,35,70,0.35,-25.110554851776826,0.8333333333333334,7/3000,54096.52,True,63446.84,9350.32,50500.0,False,32825.0,-17675.0
162,8,35,75,0.05,10.880648039132154,0.5,6/3000,32254.62,True,39429.81,7175.189999999999,54096.52,False,51391.693999999996,-2704.826000000001
163,8,35,75,0.1,-13.280343264797096,0.5,6/3000,32254.62,True,39429.81,7175.189999999999,54096.52,False,48686.867999999995,-5409.652000000002
164,8,35,75,0.15,-8.800307690288406,0.5,5/3000,32254.62,True,39429.81,7175.189999999999,50500.0,False,42925.0,-7575.0
165,8,35,75,0.2,-17.13457069616132,0.5,5/3000,32254.62,True,39429.81,7175.189999999999,50500.0,False,40400.0,-10100.0
166,8,35,75,0.3,-33.803096707907216,0.5,5/3000,32254.62,True,39429.81,7175.189999999999,50500.0,False,35350.0,-15150.0
167,8,35,75,0.35,-42.13735971378016,0.5,5/3000,32254.62,True,39429.81,7175.189999999999,50500.0,False,32825.0,-17675.0
168,8,40,60,0.05,-0.2115943588230209,0.5555555555555556,20/3000,32254.62,True,39429.81,7175.189999999999,56707.71,False,53872.324499999995,-2835.385500000004
169,8,40,60,0.1,-20.72411398660401,0.6875,18/3000,32254.62,True,39429.81,7175.189999999999,55452.45,False,49907.205,-5545.244999999995
170,8,40,60,0.15,-38.56017588294003,0.7857142857142857,16/3000,32254.62,True,39429.81,7175.189999999999,55452.45,False,47134.5825,-8317.8675
171,8,40,60,0.2,-36.82347808756391,0.7857142857142857,16/3000,32254.62,True,39429.81,7175.189999999999,50500.0,False,40400.0,-10100.0
172,8,40,60,0.3,-32.11320345425402,0.7857142857142857,16/3000,32254.62,True,39429.81,7175.189999999999,50500.0,False,35350.0,-15150.0
173,8,40,60,0.35,-40.56817312110218,0.7857142857142857,16/3000,32254.62,True,39429.81,7175.189999999999,50500.0,False,32825.0,-17675.0
174,8,40,65,0.05,13.596922224420837,0.47058823529411764,17/3000,47380.0,True,61016.29,13636.29,56707.71,False,53872.324499999995,-2835.385500000004
175,8,40,65,0.1,-18.193983699610783,0.5714285714285714,15/3000,47380.0,True,61016.29,13636.29,56707.71,False,51036.939,-5670.771000000001
176,8,40,65,0.15,-31.39103972249039,0.6363636363636364,12/3000,48602.03,True,61016.29,12414.260000000002,55452.45,False,47134.5825,-8317.8675
177,8,40,65,0.2,-29.54309877656914,0.6363636363636364,12/3000,48602.03,True,61016.29,12414.260000000002,50500.0,False,40400.0,-10100.0
178,8,40,65,0.3,-27.55829524597428,0.6,11/3000,48602.03,True,61016.29,12414.260000000002,50500.0,False,35350.0,-15150.0
179,8,40,65,0.35,-36.33861549912815,0.6,11/3000,48602.03,True,61016.29,12414.260000000002,50500.0,False,32825.0,-17675.0
180,8,40,70,0.05,13.69651401339965,0.4,15/3000,47380.0,True,61016.29,13636.29,56707.71,False,53872.324499999995,-2835.385500000004
181,8,40,70,0.1,-20.58862251504621,0.5,13/3000,47380.0,True,61016.29,13636.29,56707.71,False,51036.939,-5670.771000000001
182,8,40,70,0.15,-27.63162163338086,0.625,9/3000,48602.03,True,61016.29,12414.260000000002,55452.45,False,47134.5825,-8317.8675
183,8,40,70,0.2,-25.7253459727758,0.625,9/3000,48602.03,True,61016.29,12414.260000000002,50500.0,False,40400.0,-10100.0
184,8,40,70,0.3,-23.677887329788973,0.7142857142857143,8/3000,48602.03,True,61016.29,12414.260000000002,50500.0,False,35350.0,-15150.0
185,8,40,70,0.35,-32.73537957695605,0.7142857142857143,8/3000,48602.03,True,61016.29,12414.260000000002,50500.0,False,32825.0,-17675.0
186,8,40,75,0.05,-7.89001425634774,0.3333333333333333,9/3000,32254.62,True,39429.81,7175.189999999999,50500.0,False,47975.0,-2525.0
187,8,40,75,0.1,-31.307686982708503,0.42857142857142855,8/3000,32254.62,True,39429.81,7175.189999999999,50500.0,False,45450.0,-5050.0
188,8,40,75,0.15,-22.033401512674516,0.6,6/3000,32254.62,True,39429.81,7175.189999999999,50500.0,False,42925.0,-7575.0
189,8,40,75,0.2,-16.655554862926436,0.75,5/3000,32254.62,True,39429.81,7175.189999999999,50500.0,False,40400.0,-10100.0
190,8,40,75,0.3,-33.3839578538267,0.75,5/3000,32254.62,True,39429.81,7175.189999999999,50500.0,False,35350.0,-15150.0
191,8,40,75,0.35,-41.74815934927682,0.75,5/3000,32254.62,True,39429.81,7175.189999999999,50500.0,False,32825.0,-17675.0
192,14,25,60,0.05,-47.27167822031964,,1/3000,,,,,,,,
193,14,25,60,0.1,-47.27167822031964,,1/3000,,,,,,,,
194,14,25,60,0.15,-47.27167822031964,,1/3000,,,,,,,,
195,14,25,60,0.2,-47.27167822031964,,1/3000,,,,,,,,
196,14,25,60,0.3,-47.27167822031964,,1/3000,,,,,,,,
197,14,25,60,0.35,-47.27167822031964,,1/3000,,,,,,,,
198,14,25,65,0.05,-43.90116047525848,,1/3000,,,,,,,,
199,14,25,65,0.1,-43.90116047525848,,1/3000,,,,,,,,
200,14,25,65,0.15,-43.90116047525848,,1/3000,,,,,,,,
201,14,25,65,0.2,-43.90116047525848,,1/3000,,,,,,,,
202,14,25,65,0.3,-43.90116047525848,,1/3000,,,,,,,,
203,14,25,65,0.35,-43.90116047525848,,1/3000,,,,,,,,
204,14,25,70,0.05,-38.802891594918336,,1/3000,,,,,,,,
205,14,25,70,0.1,-38.802891594918336,,1/3000,,,,,,,,
206,14,25,70,0.15,-38.802891594918336,,1/3000,,,,,,,,
207,14,25,70,0.2,-38.802891594918336,,1/3000,,,,,,,,
208,14,25,70,0.3,-38.802891594918336,,1/3000,,,,,,,,
209,14,25,70,0.35,-38.802891594918336,,1/3000,,,,,,,,
210,14,25,75,0.05,-26.56203774943198,,1/3000,,,,,,,,
211,14,25,75,0.1,-26.56203774943198,,1/3000,,,,,,,,
212,14,25,75,0.15,-26.56203774943198,,1/3000,,,,,,,,
213,14,25,75,0.2,-26.56203774943198,,1/3000,,,,,,,,
214,14,25,75,0.3,-26.56203774943198,,1/3000,,,,,,,,
215,14,25,75,0.35,-26.56203774943198,,1/3000,,,,,,,,
216,14,30,60,0.05,-38.63719926054375,0.5,3/3000,32156.31,True,36827.57,4671.259999999998,54096.52,False,51391.693999999996,-2704.826000000001
217,14,30,60,0.1,-25.048646503887923,1.0,3/3000,32156.31,True,36827.57,4671.259999999998,54096.52,True,57635.47,3538.9500000000044
218,14,30,60,0.15,-25.048646503887923,1.0,3/3000,32156.31,True,36827.57,4671.259999999998,54096.52,True,57635.47,3538.9500000000044
219,14,30,60,0.2,-25.048646503887923,1.0,3/3000,32156.31,True,36827.57,4671.259999999998,54096.52,True,57635.47,3538.9500000000044
220,14,30,60,0.3,-25.048646503887923,1.0,3/3000,32156.31,True,36827.57,4671.259999999998,54096.52,True,57635.47,3538.9500000000044
221,14,30,60,0.35,-25.048646503887923,1.0,3/3000,32156.31,True,36827.57,4671.259999999998,54096.52,True,57635.47,3538.9500000000044
222,14,30,65,0.05,-27.649925448994296,0.5,3/3000,32156.31,True,39166.33,7010.02,54096.52,False,51391.693999999996,-2704.826000000001
223,14,30,65,0.1,-6.483967391049447,1.0,3/3000,32156.31,True,39166.33,7010.02,54096.52,True,60247.26,6150.740000000005
224,14,30,65,0.15,-6.483967391049447,1.0,3/3000,32156.31,True,39166.33,7010.02,54096.52,True,60247.26,6150.740000000005
225,14,30,65,0.2,-6.483967391049447,1.0,3/3000,32156.31,True,39166.33,7010.02,54096.52,True,60247.26,6150.740000000005
226,14,30,65,0.3,-6.483967391049447,1.0,3/3000,32156.31,True,39166.33,7010.02,54096.52,True,60247.26,6150.740000000005
227,14,30,65,0.35,-6.483967391049447,1.0,3/3000,32156.31,True,39166.33,7010.02,54096.52,True,60247.26,6150.740000000005
228,14,30,70,0.05,-50.09424064570048,0.0,3/3000,32156.31,False,30548.4945,-1607.8155000000006,54096.52,False,51391.693999999996,-2704.826000000001
229,14,30,70,0.1,-33.06872093959892,0.5,3/3000,54096.52,True,63446.84,9350.32,32156.31,False,28940.679,-3215.631000000001
230,14,30,70,0.15,-23.50810508247524,1.0,3/3000,54096.52,True,63446.84,9350.32,54096.52,True,63446.84,9350.32
231,14,30,70,0.2,-23.50810508247524,1.0,3/3000,54096.52,True,63446.84,9350.32,54096.52,True,63446.84,9350.32
232,14,30,70,0.3,-23.50810508247524,1.0,3/3000,54096.52,True,63446.84,9350.32,54096.52,True,63446.84,9350.32
233,14,30,70,0.35,-23.50810508247524,1.0,3/3000,54096.52,True,63446.84,9350.32,54096.52,True,63446.84,9350.32
234,14,30,75,0.05,-39.09099329248612,0.0,3/3000,32156.31,False,30548.4945,-1607.8155000000006,54096.52,False,51391.693999999996,-2704.826000000001
235,14,30,75,0.1,-50.50787989473754,0.0,3/3000,32156.31,False,28940.679,-3215.631000000001,54096.52,False,48686.867999999995,-5409.652000000002
236,14,30,75,0.15,-48.37369067353188,0.0,3/3000,54096.52,False,45982.041999999994,-8114.478000000003,54096.52,False,45982.041999999994,-8114.478000000003
237,14,30,75,0.2,-54.38010762156698,0.0,3/3000,54096.52,False,43277.216,-10819.303999999996,54096.52,False,43277.216,-10819.303999999996
238,14,30,75,0.3,-66.39294151763717,0.0,3/3000,54096.52,False,37867.564,-16228.955999999998,54096.52,False,37867.564,-16228.955999999998
239,14,30,75,0.35,-72.39935846567226,0.0,3/3000,54096.52,False,35162.738,-18933.782,54096.52,False,35162.738,-18933.782
240,14,35,60,0.05,-5.215449013319784,0.5,9/3000,32254.62,True,39429.81,7175.189999999999,55452.45,False,52679.82749999999,-2772.622500000005
241,14,35,60,0.1,-11.959879816047362,0.625,9/3000,32254.62,True,39429.81,7175.189999999999,55452.45,False,49907.205,-5545.244999999995
242,14,35,60,0.15,-44.176524504839946,0.5714285714285714,8/3000,32254.62,True,39429.81,7175.189999999999,55452.45,False,47134.5825,-8317.8675
243,14,35,60,0.2,-14.05444252810696,0.7142857142857143,8/3000,32254.62,True,39429.81,7175.189999999999,50500.0,False,40400.0,-10100.0
244,14,35,60,0.3,-31.107984560859634,0.7142857142857143,8/3000,32254.62,True,39429.81,7175.189999999999,50500.0,False,35350.0,-15150.0
245,14,35,60,0.35,-39.63475557723601,0.7142857142857143,8/3000,32254.62,True,39429.81,7175.189999999999,50500.0,False,32825.0,-17675.0
246,14,35,65,0.05,9.055047280262102,0.5,9/3000,32254.62,True,39429.81,7175.189999999999,55452.45,False,52679.82749999999,-2772.622500000005
247,14,35,65,0.1,8.541981378842507,0.625,9/3000,32254.62,True,39429.81,7175.189999999999,55452.45,False,49907.205,-5545.244999999995
248,14,35,65,0.15,-28.44283653233036,0.5714285714285714,8/3000,32254.62,True,39429.81,7175.189999999999,55452.45,False,47134.5825,-8317.8675
249,14,35,65,0.2,-13.987648517784692,0.6666666666666666,8/3000,32254.62,True,39429.81,7175.189999999999,50500.0,False,40400.0,-10100.0
250,14,35,65,0.3,-31.049539801827677,0.6666666666666666,8/3000,32254.62,True,39429.81,7175.189999999999,50500.0,False,35350.0,-15150.0
251,14,35,65,0.35,-39.580485443849156,0.6666666666666666,8/3000,32254.62,True,39429.81,7175.189999999999,50500.0,False,32825.0,-17675.0
252,14,35,70,0.05,-64.80062463682933,0.14285714285714285,7/3000,17031.18,True,19211.34,2180.16,55452.45,False,52679.82749999999,-2772.622500000005
253,14,35,70,0.1,-60.60993689175977,0.3333333333333333,6/3000,54096.52,True,63446.84,9350.32,55452.45,False,49907.205,-5545.244999999995
254,14,35,70,0.15,-11.911244925383102,0.6,6/3000,32254.62,True,46401.3,14146.680000000004,55452.45,False,47134.5825,-8317.8675
255,14,35,70,0.2,3.2601617796224502,0.75,5/3000,32254.62,True,46401.3,14146.680000000004,55452.45,False,44361.96,-11090.489999999998
256,14,35,70,0.3,-15.957705791596396,0.75,5/3000,32254.62,True,46401.3,14146.680000000004,55452.45,False,38816.715,-16635.735
257,14,35,70,0.35,-25.566639577205862,0.75,5/3000,32254.62,True,46401.3,14146.680000000004,55452.45,False,36044.0925,-19408.3575
258,14,35,75,0.05,-47.796334034974635,0.14285714285714285,7/3000,17031.18,True,23023.98,5992.799999999999,55452.45,False,52679.82749999999,-2772.622500000005
259,14,35,75,0.1,-58.46334197177764,0.2,5/3000,17031.18,True,23023.98,5992.799999999999,54096.52,False,48686.867999999995,-5409.652000000002
260,14,35,75,0.15,-13.574283219253942,1.0,2/3000,17031.18,True,23023.98,5992.799999999999,17031.18,True,23023.98,5992.799999999999
261,14,35,75,0.2,-13.574283219253942,1.0,2/3000,17031.18,True,23023.98,5992.799999999999,17031.18,True,23023.98,5992.799999999999
262,14,35,75,0.3,-13.574283219253942,1.0,2/3000,17031.18,True,23023.98,5992.799999999999,17031.18,True,23023.98,5992.799999999999
263,14,35,75,0.35,-13.574283219253942,1.0,2/3000,17031.18,True,23023.98,5992.799999999999,17031.18,True,23023.98,5992.799999999999
264,14,40,60,0.05,-36.247877713039884,0.375,17/3000,32254.62,True,39429.81,7175.189999999999,55452.45,False,52679.82749999999,-2772.622500000005
265,14,40,60,0.1,-47.191436668985915,0.5384615384615384,15/3000,32254.62,True,39429.81,7175.189999999999,55452.45,False,49907.205,-5545.244999999995
266,14,40,60,0.15,-51.29187024670223,0.7,12/3000,32254.62,True,39429.81,7175.189999999999,55452.45,False,47134.5825,-8317.8675
267,14,40,60,0.2,-49.75272955738518,0.7,12/3000,32254.62,True,39429.81,7175.189999999999,50500.0,False,40400.0,-10100.0
268,14,40,60,0.3,-40.91552427507696,0.7,12/3000,32254.62,True,39429.81,7175.189999999999,50500.0,False,35350.0,-15150.0
269,14,40,60,0.35,-48.74175674043775,0.7,12/3000,32254.62,True,39429.81,7175.189999999999,50500.0,False,32825.0,-17675.0
270,14,40,65,0.05,-31.41966141601769,0.3333333333333333,16/3000,32254.62,True,39429.81,7175.189999999999,55452.45,False,52679.82749999999,-2772.622500000005
271,14,40,65,0.1,-40.05130989644407,0.5,14/3000,32254.62,True,39429.81,7175.189999999999,55452.45,False,49907.205,-5545.244999999995
272,14,40,65,0.15,-33.34367121015549,0.6666666666666666,11/3000,32254.62,True,39429.81,7175.189999999999,55452.45,False,47134.5825,-8317.8675
273,14,40,65,0.2,-31.526029155715648,0.6666666666666666,11/3000,32254.62,True,39429.81,7175.189999999999,50500.0,False,40400.0,-10100.0
274,14,40,65,0.3,-29.573768519372024,0.75,10/3000,32254.62,True,39429.81,7175.189999999999,50500.0,False,35350.0,-15150.0
275,14,40,65,0.35,-38.210126395854616,0.75,10/3000,32254.62,True,39429.81,7175.189999999999,50500.0,False,32825.0,-17675.0
276,14,40,70,0.05,-84.84357787525614,0.08333333333333333,12/3000,17031.18,True,19211.34,2180.16,55452.45,False,52679.82749999999,-2772.622500000005
277,14,40,70,0.1,-82.85937925198864,0.25,9/3000,54096.52,True,63446.84,9350.32,55452.45,False,49907.205,-5545.244999999995
278,14,40,70,0.15,-9.067169032500829,0.5714285714285714,8/3000,32254.62,True,46401.3,14146.680000000004,55452.45,False,47134.5825,-8317.8675
279,14,40,70,0.2,23.201261928645692,0.8,6/3000,32254.62,True,46401.3,14146.680000000004,55452.45,False,44361.96,-11090.489999999998
280,14,40,70,0.3,1.4907568387989159,0.8,6/3000,32254.62,True,46401.3,14146.680000000004,55452.45,False,38816.715,-16635.735
281,14,40,70,0.35,-9.364495706124444,0.8,6/3000,32254.62,True,46401.3,14146.680000000004,55452.45,False,36044.0925,-19408.3575
282,14,40,75,0.05,-71.8169673954,0.08333333333333333,12/3000,17031.18,True,23023.98,5992.799999999999,55452.45,False,52679.82749999999,-2772.622500000005
283,14,40,75,0.1,-81.24420782918394,0.14285714285714285,8/3000,17031.18,True,23023.98,5992.799999999999,54096.52,False,48686.867999999995,-5409.652000000002
284,14,40,75,0.15,-13.574283219253942,1.0,2/3000,17031.18,True,23023.98,5992.799999999999,17031.18,True,23023.98,5992.799999999999
285,14,40,75,0.2,-13.574283219253942,1.0,2/3000,17031.18,True,23023.98,5992.799999999999,17031.18,True,23023.98,5992.799999999999
286,14,40,75,0.3,-13.574283219253942,1.0,2/3000,17031.18,True,23023.98,5992.799999999999,17031.18,True,23023.98,5992.799999999999
287,14,40,75,0.35,-13.574283219253942,1.0,2/3000,17031.18,True,23023.98,5992.799999999999,17031.18,True,23023.98,5992.799999999999
288,24,25,60,0.05,-47.27167822031964,,1/3000,,,,,,,,
289,24,25,60,0.1,-47.27167822031964,,1/3000,,,,,,,,
290,24,25,60,0.15,-47.27167822031964,,1/3000,,,,,,,,
291,24,25,60,0.2,-47.27167822031964,,1/3000,,,,,,,,
292,24,25,60,0.3,-47.27167822031964,,1/3000,,,,,,,,
293,24,25,60,0.35,-47.27167822031964,,1/3000,,,,,,,,
294,24,25,65,0.05,-43.90116047525848,,1/3000,,,,,,,,
295,24,25,65,0.1,-43.90116047525848,,1/3000,,,,,,,,
296,24,25,65,0.15,-43.90116047525848,,1/3000,,,,,,,,
297,24,25,65,0.2,-43.90116047525848,,1/3000,,,,,,,,
298,24,25,65,0.3,-43.90116047525848,,1/3000,,,,,,,,
299,24,25,65,0.35,-43.90116047525848,,1/3000,,,,,,,,
300,24,25,70,0.05,-26.56203774943198,,1/3000,,,,,,,,
301,24,25,70,0.1,-26.56203774943198,,1/3000,,,,,,,,
302,24,25,70,0.15,-26.56203774943198,,1/3000,,,,,,,,
303,24,25,70,0.2,-26.56203774943198,,1/3000,,,,,,,,
304,24,25,70,0.3,-26.56203774943198,,1/3000,,,,,,,,
305,24,25,70,0.35,-26.56203774943198,,1/3000,,,,,,,,
306,24,25,75,0.05,-26.56203774943198,,1/3000,,,,,,,,
307,24,25,75,0.1,-26.56203774943198,,1/3000,,,,,,,,
308,24,25,75,0.15,-26.56203774943198,,1/3000,,,,,,,,
309,24,25,75,0.2,-26.56203774943198,,1/3000,,,,,,,,
310,24,25,75,0.3,-26.56203774943198,,1/3000,,,,,,,,
311,24,25,75,0.35,-26.56203774943198,,1/3000,,,,,,,,
312,24,30,60,0.05,-47.27167822031964,,1/3000,,,,,,,,
313,24,30,60,0.1,-47.27167822031964,,1/3000,,,,,,,,
314,24,30,60,0.15,-47.27167822031964,,1/3000,,,,,,,,
315,24,30,60,0.2,-47.27167822031964,,1/3000,,,,,,,,
316,24,30,60,0.3,-47.27167822031964,,1/3000,,,,,,,,
317,24,30,60,0.35,-47.27167822031964,,1/3000,,,,,,,,
318,24,30,65,0.05,-43.90116047525848,,1/3000,,,,,,,,
319,24,30,65,0.1,-43.90116047525848,,1/3000,,,,,,,,
320,24,30,65,0.15,-43.90116047525848,,1/3000,,,,,,,,
321,24,30,65,0.2,-43.90116047525848,,1/3000,,,,,,,,
322,24,30,65,0.3,-43.90116047525848,,1/3000,,,,,,,,
323,24,30,65,0.35,-43.90116047525848,,1/3000,,,,,,,,
324,24,30,70,0.05,-26.56203774943198,,1/3000,,,,,,,,
325,24,30,70,0.1,-26.56203774943198,,1/3000,,,,,,,,
326,24,30,70,0.15,-26.56203774943198,,1/3000,,,,,,,,
327,24,30,70,0.2,-26.56203774943198,,1/3000,,,,,,,,
328,24,30,70,0.3,-26.56203774943198,,1/3000,,,,,,,,
329,24,30,70,0.35,-26.56203774943198,,1/3000,,,,,,,,
330,24,30,75,0.05,-26.56203774943198,,1/3000,,,,,,,,
331,24,30,75,0.1,-26.56203774943198,,1/3000,,,,,,,,
332,24,30,75,0.15,-26.56203774943198,,1/3000,,,,,,,,
333,24,30,75,0.2,-26.56203774943198,,1/3000,,,,,,,,
334,24,30,75,0.3,-26.56203774943198,,1/3000,,,,,,,,
335,24,30,75,0.35,-26.56203774943198,,1/3000,,,,,,,,
336,24,35,60,0.05,-25.023132862744873,1.0,2/3000,32156.31,True,39166.33,7010.02,32156.31,True,39166.33,7010.02
337,24,35,60,0.1,-25.023132862744873,1.0,2/3000,32156.31,True,39166.33,7010.02,32156.31,True,39166.33,7010.02
338,24,35,60,0.15,-25.023132862744873,1.0,2/3000,32156.31,True,39166.33,7010.02,32156.31,True,39166.33,7010.02
339,24,35,60,0.2,-25.023132862744873,1.0,2/3000,32156.31,True,39166.33,7010.02,32156.31,True,39166.33,7010.02
340,24,35,60,0.3,-25.023132862744873,1.0,2/3000,32156.31,True,39166.33,7010.02,32156.31,True,39166.33,7010.02
341,24,35,60,0.35,-25.023132862744873,1.0,2/3000,32156.31,True,39166.33,7010.02,32156.31,True,39166.33,7010.02
342,24,35,65,0.05,-49.432645213262845,0.0,2/3000,32156.31,False,30548.4945,-1607.8155000000006,32156.31,False,30548.4945,-1607.8155000000006
343,24,35,65,0.1,-54.75107329625578,0.0,2/3000,32156.31,False,28940.679,-3215.631000000001,32156.31,False,28940.679,-3215.631000000001
344,24,35,65,0.15,-46.9559755172543,,2/3000,,,,,,,,
345,24,35,65,0.2,-46.9559755172543,,2/3000,,,,,,,,
346,24,35,65,0.3,-46.9559755172543,,2/3000,,,,,,,,
347,24,35,65,0.35,-46.9559755172543,,2/3000,,,,,,,,
348,24,35,70,0.05,-32.99340648474015,0.0,2/3000,32156.31,False,30548.4945,-1607.8155000000006,32156.31,False,30548.4945,-1607.8155000000006
349,24,35,70,0.1,-39.17705765870795,0.0,2/3000,32156.31,False,28940.679,-3215.631000000001,32156.31,False,28940.679,-3215.631000000001
350,24,35,70,0.15,-30.113822285373615,,2/3000,,,,,,,,
351,24,35,70,0.2,-30.113822285373615,,2/3000,,,,,,,,
352,24,35,70,0.3,-30.113822285373615,,2/3000,,,,,,,,
353,24,35,70,0.35,-30.113822285373615,,2/3000,,,,,,,,
354,24,35,75,0.05,-32.99340648474015,0.0,2/3000,32156.31,False,30548.4945,-1607.8155000000006,32156.31,False,30548.4945,-1607.8155000000006
355,24,35,75,0.1,-39.17705765870795,0.0,2/3000,32156.31,False,28940.679,-3215.631000000001,32156.31,False,28940.679,-3215.631000000001
356,24,35,75,0.15,-30.113822285373615,,2/3000,,,,,,,,
357,24,35,75,0.2,-30.113822285373615,,2/3000,,,,,,,,
358,24,35,75,0.3,-30.113822285373615,,2/3000,,,,,,,,
359,24,35,75,0.35,-30.113822285373615,,2/3000,,,,,,,,
360,24,40,60,0.05,-17.12867945562786,0.3333333333333333,13/3000,49127.39,True,57725.14,8597.75,55452.45,False,52679.82749999999,-2772.622500000005
361,24,40,60,0.1,-34.678597667478044,0.45454545454545453,12/3000,49127.39,True,57725.14,8597.75,55452.45,False,49907.205,-5545.244999999995
362,24,40,60,0.15,-42.299394520911775,0.5555555555555556,10/3000,32254.62,True,39429.81,7175.189999999999,55452.45,False,47134.5825,-8317.8675
363,24,40,60,0.2,-40.024295066776716,0.6666666666666666,10/3000,32254.62,True,39429.81,7175.189999999999,50500.0,False,40400.0,-10100.0
364,24,40,60,0.3,-43.289204933677226,0.7142857142857143,9/3000,32254.62,True,39429.81,7175.189999999999,50500.0,False,35350.0,-15150.0
365,24,40,60,0.35,-50.94588878056658,0.7142857142857143,9/3000,32254.62,True,39429.81,7175.189999999999,50500.0,False,32825.0,-17675.0
366,24,40,65,0.05,-75.40642115804114,0.1,11/3000,17031.18,True,19419.74,2388.5600000000013,55452.45,False,52679.82749999999,-2772.622500000005
367,24,40,65,0.1,-75.93674888091954,0.25,9/3000,54096.52,True,63446.84,9350.32,55452.45,False,49907.205,-5545.244999999995
368,24,40,65,0.15,0.941447671036201,0.5714285714285714,9/3000,32254.62,True,46401.3,14146.680000000004,55452.45,False,47134.5825,-8317.8675
369,24,40,65,0.2,7.637504649988216,0.6666666666666666,8/3000,32254.62,True,46401.3,14146.680000000004,55452.45,False,44361.96,-11090.489999999998
370,24,40,65,0.3,-8.846606851771611,0.8,7/3000,32254.62,True,46401.3,14146.680000000004,55452.45,False,38816.715,-16635.735
371,24,40,65,0.35,-18.963476275939968,0.8,7/3000,32254.62,True,46401.3,14146.680000000004,55452.45,False,36044.0925,-19408.3575
372,24,40,70,0.05,-62.968914109247294,0.1,10/3000,17031.18,True,23023.98,5992.799999999999,55452.45,False,52679.82749999999,-2772.622500000005
373,24,40,70,0.1,-76.24473102616128,0.14285714285714285,7/3000,17031.18,True,23023.98,5992.799999999999,54096.52,False,48686.867999999995,-5409.652000000002
374,24,40,70,0.15,-13.574283219253942,1.0,2/3000,17031.18,True,23023.98,5992.799999999999,17031.18,True,23023.98,5992.799999999999
375,24,40,70,0.2,-13.574283219253942,1.0,2/3000,17031.18,True,23023.98,5992.799999999999,17031.18,True,23023.98,5992.799999999999
376,24,40,70,0.3,-13.574283219253942,1.0,2/3000,17031.18,True,23023.98,5992.799999999999,17031.18,True,23023.98,5992.799999999999
377,24,40,70,0.35,-13.574283219253942,1.0,2/3000,17031.18,True,23023.98,5992.799999999999,17031.18,True,23023.98,5992.799999999999
378,24,40,75,0.05,-62.968914109247294,0.1,10/3000,17031.18,True,23023.98,5992.799999999999,55452.45,False,52679.82749999999,-2772.622500000005
379,24,40,75,0.1,-76.24473102616128,0.14285714285714285,7/3000,17031.18,True,23023.98,5992.799999999999,54096.52,False,48686.867999999995,-5409.652000000002
380,24,40,75,0.15,-13.574283219253942,1.0,2/3000,17031.18,True,23023.98,5992.799999999999,17031.18,True,23023.98,5992.799999999999
381,24,40,75,0.2,-13.574283219253942,1.0,2/3000,17031.18,True,23023.98,5992.799999999999,17031.18,True,23023.98,5992.799999999999
382,24,40,75,0.3,-13.574283219253942,1.0,2/3000,17031.18,True,23023.98,5992.799999999999,17031.18,True,23023.98,5992.799999999999
383,24,40,75,0.35,-13.574283219253942,1.0,2/3000,17031.18,True,23023.98,5992.799999999999,17031.18,True,23023.98,5992.799999999999
