,rsi_len,rsi_lb,rsi_ub,stop_loss,score,win_rate,trade_freq,best_trade_buy,best_trade_win,best_trade_sell,best_trade_diff,worst_trade_buy,worst_trade_win,worst_trade_sell,worst_trade_diff
0,4,25,60,0.05,3.3676962990556945,0.16666666666666666,7/3000,32486.42,True,33815.81,1329.3899999999994,54640.93,False,51908.883499999996,-2732.046500000004
1,4,25,60,0.1,8.749801041823432,0.2,6/3000,32892.95,True,39176.62,6283.6700000000055,54640.93,False,49176.837,-5464.093000000001
2,4,25,60,0.15,-7.568022387637171,0.0,5/3000,34262.0,False,33815.81,-446.1900000000023,42610.25,False,36218.7125,-6391.5374999999985
3,4,25,60,0.2,5.523762983622717,0.25,5/3000,36585.66,True,39176.62,2590.959999999999,42610.25,False,34088.200000000004,-8522.049999999996
4,4,25,60,0.3,23.53594065155808,0.25,5/3000,36585.66,True,39176.62,2590.959999999999,54640.93,False,53217.03,-1423.9000000000015
5,4,25,60,0.35,23.53594065155808,0.25,5/3000,36585.66,True,39176.62,2590.959999999999,54640.93,False,53217.03,-1423.9000000000015
6,4,25,65,0.05,4.100876065771743,0.16666666666666666,7/3000,32486.42,True,32800.41,313.99000000000524,54640.93,False,51908.883499999996,-2732.046500000004
7,4,25,65,0.1,9.53143295002549,0.2,6/3000,32892.95,True,39176.62,6283.6700000000055,54640.93,False,49176.837,-5464.093000000001
8,4,25,65,0.15,-6.933290907304141,0.0,5/3000,54640.93,False,53217.03,-1423.9000000000015,42610.25,False,36218.7125,-6391.5374999999985
9,4,25,65,0.2,6.276352637928596,0.25,5/3000,36585.66,True,39176.62,2590.959999999999,42610.25,False,34088.200000000004,-8522.049999999996
10,4,25,65,0.3,24.450684077027788,0.25,5/3000,36585.66,True,39176.62,2590.959999999999,34262.0,False,32800.41,-1461.5899999999965
11,4,25,65,0.35,24.450684077027788,0.25,5/3000,36585.66,True,39176.62,2590.959999999999,34262.0,False,32800.41,-1461.5899999999965
12,4,25,70,0.05,0.8305739310447677,0.0,7/3000,32892.95,False,31248.302499999994,-1644.6475000000028,54640.93,False,51908.883499999996,-2732.046500000004
13,4,25,70,0.1,6.045013092296358,0.25,6/3000,32892.95,True,39176.62,6283.6700000000055,54640.93,False,49176.837,-5464.093000000001
14,4,25,70,0.15,-9.764470666136091,0.0,5/3000,54640.93,False,53217.03,-1423.9000000000015,42610.25,False,36218.7125,-6391.5374999999985
15,4,25,70,0.2,2.9194739230754863,0.3333333333333333,5/3000,36585.66,True,39176.62,2590.959999999999,42610.25,False,34088.200000000004,-8522.049999999996
16,4,25,70,0.3,20.370528686978943,0.3333333333333333,5/3000,36585.66,True,39176.62,2590.959999999999,54640.93,False,53217.03,-1423.9000000000015
17,4,25,70,0.35,20.370528686978943,0.3333333333333333,5/3000,36585.66,True,39176.62,2590.959999999999,54640.93,False,53217.03,-1423.9000000000015
18,4,25,75,0.05,0.8305739310447677,0.0,7/3000,32892.95,False,31248.302499999994,-1644.6475000000028,54640.93,False,51908.883499999996,-2732.046500000004
19,4,25,75,0.1,6.045013092296358,0.25,6/3000,32892.95,True,39176.62,6283.6700000000055,54640.93,False,49176.837,-5464.093000000001
20,4,25,75,0.15,-18.457403849452824,0.0,5/3000,36585.66,False,31097.811,-5487.849000000002,54640.93,False,46444.790499999996,-8196.139500000005
21,4,25,75,0.2,-11.54563589411049,0.3333333333333333,5/3000,36585.66,True,39176.62,2590.959999999999,54640.93,False,43712.744000000006,-10928.185999999994
22,4,25,75,0.3,-5.162801470698355,0.5,4/3000,36585.66,True,39176.62,2590.959999999999,54640.93,False,38248.651,-16392.279000000002
23,4,25,75,0.35,-10.370782121452677,0.5,4/3000,36585.66,True,39176.62,2590.959999999999,54640.93,False,35516.6045,-19124.3255
24,4,30,60,0.05,30.996251777779833,0.4,11/3000,32529.81,True,37680.98,5151.170000000002,56191.64,False,53382.058,-2809.582000000002
25,4,30,60,0.1,21.209433104927115,0.375,9/3000,32892.95,True,39176.62,6283.6700000000055,56191.64,False,50572.476,-5619.163999999997
26,4,30,60,0.15,9.756832469401203,0.2857142857142857,8/3000,32529.81,True,37680.98,5151.170000000002,42610.25,False,36218.7125,-6391.5374999999985
27,4,30,60,0.2,15.784873845726167,0.3333333333333333,7/3000,32529.81,True,37680.98,5151.170000000002,42610.25,False,34088.200000000004,-8522.049999999996
28,4,30,60,0.3,36.00792142543958,0.3333333333333333,7/3000,32529.81,True,37680.98,5151.170000000002,56191.64,False,54682.64,-1509.0
29,4,30,60,0.35,36.00792142543958,0.3333333333333333,7/3000,32529.81,True,37680.98,5151.170000000002,56191.64,False,54682.64,-1509.0
30,4,30,65,0.05,25.501968083357937,0.4,10/3000,32529.81,True,37680.98,5151.170000000002,56191.64,False,53382.058,-2809.582000000002
31,4,30,65,0.1,16.208146316656595,0.375,8/3000,32892.95,True,39176.62,6283.6700000000055,56191.64,False,50572.476,-5619.163999999997
32,4,30,65,0.15,18.5249928790234,0.42857142857142855,7/3000,56191.64,True,63331.83,7140.190000000002,42610.25,False,36218.7125,-6391.5374999999985
33,4,30,65,0.2,25.154810567449672,0.5,6/3000,56191.64,True,63331.83,7140.190000000002,42610.25,False,34088.200000000004,-8522.049999999996
34,4,30,65,0.3,47.39671472631095,0.5,6/3000,56191.64,True,63331.83,7140.190000000002,34262.0,False,32800.41,-1461.5899999999965
35,4,30,65,0.35,47.39671472631095,0.5,6/3000,56191.64,True,63331.83,7140.190000000002,34262.0,False,32800.41,-1461.5899999999965
36,4,30,70,0.05,25.60190093869049,0.3333333333333333,7/3000,32529.81,True,39176.62,6646.810000000001,56191.64,False,53382.058,-2809.582000000002
37,4,30,70,0.1,10.085415393614511,0.4,6/3000,32529.81,True,39176.62,6646.810000000001,56191.64,False,50572.476,-5619.163999999997
38,4,30,70,0.15,24.385164724010437,0.5,5/3000,56191.64,True,63331.83,7140.190000000002,42610.25,False,36218.7125,-6391.5374999999985
39,4,30,70,0.2,18.35812382370048,0.5,5/3000,56191.64,True,63331.83,7140.190000000002,42610.25,False,34088.200000000004,-8522.049999999996
40,4,30,70,0.3,39.135606593545035,0.5,5/3000,56191.64,True,63331.83,7140.190000000002,54640.93,False,53217.03,-1423.9000000000015
41,4,30,70,0.35,39.135606593545035,0.5,5/3000,56191.64,True,63331.83,7140.190000000002,54640.93,False,53217.03,-1423.9000000000015
42,4,30,75,0.05,11.182428999681207,0.16666666666666666,7/3000,32529.81,True,39176.62,6646.810000000001,56191.64,False,53382.058,-2809.582000000002
43,4,30,75,0.1,-6.170660178053026,0.2,6/3000,32529.81,True,39176.62,6646.810000000001,56191.64,False,50572.476,-5619.163999999997
44,4,30,75,0.15,11.34645144549205,0.5,5/3000,56191.64,True,63331.83,7140.190000000002,54640.93,False,46444.790499999996,-8196.139500000005
45,4,30,75,0.2,1.135751075655449,0.5,5/3000,56191.64,True,63331.83,7140.190000000002,54640.93,False,43712.744000000006,-10928.185999999994
46,4,30,75,0.3,8.735247727831052,0.6666666666666666,4/3000,56191.64,True,63331.83,7140.190000000002,54640.93,False,38248.651,-16392.279000000002
47,4,30,75,0.35,2.5345492771817817,0.6666666666666666,4/3000,56191.64,True,63331.83,7140.190000000002,54640.93,False,35516.6045,-19124.3255
48,4,35,60,0.05,18.20428984244215,0.38461538461538464,14/3000,32529.81,True,37680.98,5151.170000000002,56191.64,False,53382.058,-2809.582000000002
49,4,35,60,0.1,3.0656168393039565,0.36363636363636365,12/3000,32892.95,True,39176.62,6283.6700000000055,56191.64,False,50572.476,-5619.163999999997
50,4,35,60,0.15,-16.007267388270094,0.3,11/3000,32529.81,True,37680.98,5151.170000000002,50445.87,False,42878.9895,-7566.880499999999
51,4,35,60,0.2,-2.162873608847036,0.375,9/3000,32529.81,True,37680.98,5151.170000000002,50445.87,False,40356.696,-10089.173999999999
52,4,35,60,0.3,-3.5007140114004045,0.375,9/3000,32529.81,True,37680.98,5151.170000000002,50445.87,False,35312.109,-15133.761000000006
53,4,35,60,0.35,-8.827415194961716,0.375,9/3000,32529.81,True,37680.98,5151.170000000002,50445.87,False,32789.815500000004,-17656.0545
54,4,35,65,0.05,13.3543828212308,0.38461538461538464,13/3000,32529.81,True,37680.98,5151.170000000002,56191.64,False,53382.058,-2809.582000000002
55,4,35,65,0.1,-1.0217013158760864,0.36363636363636365,11/3000,32892.95,True,39176.62,6283.6700000000055,56191.64,False,50572.476,-5619.163999999997
56,4,35,65,0.15,-9.811123995294764,0.4,10/3000,56191.64,True,63331.83,7140.190000000002,50445.87,False,42878.9895,-7566.880499999999
57,4,35,65,0.2,5.415348590783509,0.5,8/3000,56191.64,True,63331.83,7140.190000000002,50445.87,False,40356.696,-10089.173999999999
58,4,35,65,0.3,3.943952259634372,0.5,8/3000,56191.64,True,63331.83,7140.190000000002,50445.87,False,35312.109,-15133.761000000006
59,4,35,65,0.35,-1.9145108004294116,0.5,8/3000,56191.64,True,63331.83,7140.190000000002,50445.87,False,32789.815500000004,-17656.0545
60,4,35,70,0.05,10.283043977559501,0.2222222222222222,10/3000,32529.81,True,39176.62,6646.810000000001,56191.64,False,53382.058,-2809.582000000002
61,4,35,70,0.1,-14.190578824669409,0.25,9/3000,32529.81,True,39176.62,6646.810000000001,56191.64,False,50572.476,-5619.163999999997
62,4,35,70,0.15,-15.528065975798526,0.2857142857142857,8/3000,56191.64,True,63331.83,7140.190000000002,55830.9,False,47456.265,-8374.635000000002
63,4,35,70,0.2,-16.60412930277454,0.3333333333333333,7/3000,56191.64,True,63331.83,7140.190000000002,55830.9,False,44664.72,-11166.18
64,4,35,70,0.3,-5.668964174660644,0.4,6/3000,56191.64,True,63331.83,7140.190000000002,55830.9,False,39081.63,-16749.270000000004
65,4,35,70,0.35,-10.840790346560524,0.4,6/3000,56191.64,True,63331.83,7140.190000000002,55830.9,False,36290.085,-19540.815000000002
66,4,35,75,0.05,6.550077591542021,0.14285714285714285,8/3000,32529.81,True,39176.62,6646.810000000001,56191.64,False,53382.058,-2809.582000000002
67,4,35,75,0.1,-13.490409471616033,0.16666666666666666,7/3000,32529.81,True,39176.62,6646.810000000001,56191.64,False,50572.476,-5619.163999999997
68,4,35,75,0.15,-13.725910323393592,0.3333333333333333,7/3000,56191.64,True,63331.83,7140.190000000002,54640.93,False,46444.790499999996,-8196.139500000005
69,4,35,75,0.2,-14.832978338153147,0.4,6/3000,56191.64,True,63331.83,7140.190000000002,54640.93,False,43712.744000000006,-10928.185999999994
70,4,35,75,0.3,-3.5827375335814082,0.5,5/3000,56191.64,True,63331.83,7140.190000000002,54640.93,False,38248.651,-16392.279000000002
71,4,35,75,0.35,-8.903579894129791,0.5,5/3000,56191.64,True,63331.83,7140.190000000002,54640.93,False,35516.6045,-19124.3255
72,4,40,60,0.05,21.553124061620295,0.4375,17/3000,32529.81,True,37680.98,5151.170000000002,56191.64,False,53382.058,-2809.582000000002
73,4,40,60,0.1,13.221207858069818,0.5,15/3000,32892.95,True,39176.62,6283.6700000000055,56191.64,False,50572.476,-5619.163999999997
74,4,40,60,0.15,-12.418736614598174,0.4166666666666667,13/3000,32529.81,True,37680.98,5151.170000000002,50445.87,False,42878.9895,-7566.880499999999
75,4,40,60,0.2,2.226095762637968,0.5,11/3000,32529.81,True,37680.98,5151.170000000002,50445.87,False,40356.696,-10089.173999999999
76,4,40,60,0.3,0.8109057041170615,0.5,11/3000,32529.81,True,37680.98,5151.170000000002,50445.87,False,35312.109,-15133.761000000006
77,4,40,60,0.35,-4.823768316266936,0.5,11/3000,32529.81,True,37680.98,5151.170000000002,50445.87,False,32789.815500000004,-17656.0545
78,4,40,65,0.05,28.711625956801328,0.4,15/3000,51306.95,True,63331.83,12024.880000000005,56191.64,False,53382.058,-2809.582000000002
79,4,40,65,0.1,19.781040255836615,0.46153846153846156,13/3000,51306.95,True,63331.83,12024.880000000005,56191.64,False,50572.476,-5619.163999999997
80,4,40,65,0.15,-7.701199830010793,0.45454545454545453,11/3000,56191.64,True,63331.83,7140.190000000002,50445.87,False,42878.9895,-7566.880499999999
81,4,40,65,0.2,7.9959012240585,0.5555555555555556,9/3000,56191.64,True,63331.83,7140.190000000002,50445.87,False,40356.696,-10089.173999999999
82,4,40,65,0.3,6.479026138902412,0.5555555555555556,9/3000,56191.64,True,63331.83,7140.190000000002,50445.87,False,35312.109,-15133.761000000006
83,4,40,65,0.35,0.43948637317660655,0.5555555555555556,9/3000,56191.64,True,63331.83,7140.190000000002,50445.87,False,32789.815500000004,-17656.0545
84,4,40,70,0.05,25.124396727707435,0.2727272727272727,12/3000,51306.95,True,63331.83,12024.880000000005,56191.64,False,53382.058,-2809.582000000002
85,4,40,70,0.1,3.0568259967023153,0.4,11/3000,51306.95,True,63331.83,12024.880000000005,56191.64,False,50572.476,-5619.163999999997
86,4,40,70,0.15,-13.594844302222171,0.375,9/3000,56191.64,True,63331.83,7140.190000000002,55830.9,False,47456.265,-8374.635000000002
87,4,40,70,0.2,-14.704167206041951,0.42857142857142855,8/3000,56191.64,True,63331.83,7140.190000000002,55830.9,False,44664.72,-11166.18
88,4,40,70,0.3,-5.668964174660644,0.4,6/3000,56191.64,True,63331.83,7140.190000000002,55830.9,False,39081.63,-16749.270000000004
89,4,40,70,0.35,-10.840790346560524,0.4,6/3000,56191.64,True,63331.83,7140.190000000002,55830.9,False,36290.085,-19540.815000000002
90,4,40,75,0.05,20.76440689501922,0.2222222222222222,10/3000,51306.95,True,63331.83,12024.880000000005,56191.64,False,53382.058,-2809.582000000002
91,4,40,75,0.1,3.946027241859724,0.375,9/3000,51306.95,True,63331.83,12024.880000000005,56191.64,False,50572.476,-5619.163999999997
92,4,40,75,0.15,-11.736986598736266,0.42857142857142855,8/3000,56191.64,True,63331.83,7140.190000000002,54640.93,False,46444.790499999996,-8196.139500000005
93,4,40,75,0.2,-12.87827250084976,0.5,7/3000,56191.64,True,63331.83,7140.190000000002,54640.93,False,43712.744000000006,-10928.185999999994
94,4,40,75,0.3,-3.5827375335814082,0.5,5/3000,56191.64,True,63331.83,7140.190000000002,54640.93,False,38248.651,-16392.279000000002
95,4,40,75,0.35,-8.903579894129791,0.5,5/3000,56191.64,True,63331.83,7140.190000000002,54640.93,False,35516.6045,-19124.3255
96,8,25,60,0.05,11.365806034271841,0.25,5/3000,32486.42,True,33382.03,895.6100000000006,54640.93,False,51908.883499999996,-2732.046500000004
97,8,25,60,0.1,10.995189049992192,0.5,5/3000,32892.95,True,34672.51,1779.560000000005,54640.93,False,49176.837,-5464.093000000001
98,8,25,60,0.15,12.957984730137682,0.5,5/3000,32892.95,True,34672.51,1779.560000000005,50445.87,False,42878.9895,-7566.880499999999
99,8,25,60,0.2,7.603130888290806,0.5,5/3000,32892.95,True,34672.51,1779.560000000005,50445.87,False,40356.696,-10089.173999999999
100,8,25,60,0.3,-3.106576795402944,0.5,5/3000,32892.95,True,34672.51,1779.560000000005,50445.87,False,35312.109,-15133.761000000006
101,8,25,60,0.35,-8.461430637249762,0.5,5/3000,32892.95,True,34672.51,1779.560000000005,50445.87,False,32789.815500000004,-17656.0545
102,8,25,65,0.05,12.528031016308134,0.25,5/3000,32486.42,True,33815.81,1329.3899999999994,54640.93,False,51908.883499999996,-2732.046500000004
103,8,25,65,0.1,15.311385904068203,0.5,5/3000,32892.95,True,35886.37,2993.4200000000055,54640.93,False,49176.837,-5464.093000000001
104,8,25,65,0.15,17.36929597971094,0.5,5/3000,32892.95,True,35886.37,2993.4200000000055,50445.87,False,42878.9895,-7566.880499999999
105,8,25,65,0.2,11.75495324083036,0.5,5/3000,32892.95,True,35886.37,2993.4200000000055,50445.87,False,40356.696,-10089.173999999999
106,8,25,65,0.3,0.5262677630691712,0.5,5/3000,32892.95,True,35886.37,2993.4200000000055,50445.87,False,35312.109,-15133.761000000006
107,8,25,65,0.35,-5.088074975811367,0.5,5/3000,32892.95,True,35886.37,2993.4200000000055,50445.87,False,32789.815500000004,-17656.0545
108,8,25,70,0.05,6.310068592232426,0.0,5/3000,32892.95,False,31248.302499999994,-1644.6475000000028,54640.93,False,51908.883499999996,-2732.046500000004
109,8,25,70,0.1,16.876904740179256,0.3333333333333333,5/3000,32892.95,True,39176.62,6283.6700000000055,54640.93,False,49176.837,-5464.093000000001
110,8,25,70,0.15,18.969313561539693,0.3333333333333333,5/3000,32892.95,True,39176.62,6283.6700000000055,50445.87,False,42878.9895,-7566.880499999999
111,8,25,70,0.2,13.260852141375054,0.3333333333333333,5/3000,32892.95,True,39176.62,6283.6700000000055,50445.87,False,40356.696,-10089.173999999999
112,8,25,70,0.3,1.843929301045776,0.3333333333333333,5/3000,32892.95,True,39176.62,6283.6700000000055,50445.87,False,35312.109,-15133.761000000006
113,8,25,70,0.35,-3.864532119118806,0.3333333333333333,5/3000,32892.95,True,39176.62,6283.6700000000055,50445.87,False,32789.815500000004,-17656.0545
114,8,25,75,0.05,9.705542063911395,0.0,5/3000,32892.95,False,31248.302499999994,-1644.6475000000028,54640.93,False,51908.883499999996,-2732.046500000004
115,8,25,75,0.1,20.697567312373664,0.3333333333333333,5/3000,32892.95,True,39176.62,6283.6700000000055,54640.93,False,49176.837,-5464.093000000001
116,8,25,75,0.15,10.027741922629374,0.3333333333333333,5/3000,32892.95,True,39176.62,6283.6700000000055,54640.93,False,46444.790499999996,-8196.139500000005
117,8,25,75,0.2,19.673557123725146,0.5,4/3000,32892.95,True,39176.62,6283.6700000000055,54640.93,False,43712.744000000006,-10928.185999999994
118,8,25,75,0.3,7.455046160602137,0.5,4/3000,32892.95,True,39176.62,6283.6700000000055,54640.93,False,38248.651,-16392.279000000002
119,8,25,75,0.35,1.3457906790406469,0.5,4/3000,32892.95,True,39176.62,6283.6700000000055,54640.93,False,35516.6045,-19124.3255
120,8,30,60,0.05,24.009065035714286,0.36363636363636365,12/3000,32529.81,True,37680.98,5151.170000000002,56191.64,False,53382.058,-2809.582000000002
121,8,30,60,0.1,32.376616928592156,0.6,11/3000,32529.81,True,37680.98,5151.170000000002,54640.93,False,49176.837,-5464.093000000001
122,8,30,60,0.15,13.950747646708805,0.5,9/3000,32529.81,True,37680.98,5151.170000000002,50445.87,False,42878.9895,-7566.880499999999
123,8,30,60,0.2,18.493564108167206,0.5,9/3000,32529.81,True,37680.98,5151.170000000002,50445.87,False,40356.696,-10089.173999999999
124,8,30,60,0.3,6.422552271988906,0.5,9/3000,32529.81,True,37680.98,5151.170000000002,50445.87,False,35312.109,-15133.761000000006
125,8,30,60,0.35,0.38704635389979103,0.5,9/3000,32529.81,True,37680.98,5151.170000000002,50445.87,False,32789.815500000004,-17656.0545
126,8,30,65,0.05,25.335581790589004,0.36363636363636365,12/3000,32529.81,True,37680.98,5151.170000000002,56191.64,False,53382.058,-2809.582000000002
127,8,30,65,0.1,25.951459231248137,0.5,11/3000,32529.81,True,37680.98,5151.170000000002,56191.64,False,50572.476,-5619.163999999997
128,8,30,65,0.15,12.471574153689218,0.375,9/3000,32529.81,True,37680.98,5151.170000000002,50445.87,False,42878.9895,-7566.880499999999
129,8,30,65,0.2,20.26781078205255,0.375,9/3000,32529.81,True,37680.98,5151.170000000002,50445.87,False,40356.696,-10089.173999999999
130,8,30,65,0.3,7.9750181116386045,0.375,9/3000,32529.81,True,37680.98,5151.170000000002,50445.87,False,35312.109,-15133.761000000006
131,8,30,65,0.35,1.8286217764316746,0.375,9/3000,32529.81,True,37680.98,5151.170000000002,50445.87,False,32789.815500000004,-17656.0545
132,8,30,70,0.05,22.32722401276905,0.2857142857142857,9/3000,32529.81,True,39176.62,6646.810000000001,56191.64,False,53382.058,-2809.582000000002
133,8,30,70,0.1,14.75756295811425,0.5,8/3000,32529.81,True,39176.62,6646.810000000001,56191.64,False,50572.476,-5619.163999999997
134,8,30,70,0.15,29.815145545644967,0.6,7/3000,56191.64,True,63331.83,7140.190000000002,50445.87,False,42878.9895,-7566.880499999999
135,8,30,70,0.2,23.46869400876828,0.6,7/3000,56191.64,True,63331.83,7140.190000000002,50445.87,False,40356.696,-10089.173999999999
136,8,30,70,0.3,10.775790935014896,0.6,7/3000,56191.64,True,63331.83,7140.190000000002,50445.87,False,35312.109,-15133.761000000006
137,8,30,70,0.35,4.429339398138211,0.6,7/3000,56191.64,True,63331.83,7140.190000000002,50445.87,False,32789.815500000004,-17656.0545
138,8,30,75,0.05,11.182428999681193,0.16666666666666666,7/3000,32529.81,True,39176.62,6646.810000000001,56191.64,False,53382.058,-2809.582000000002
139,8,30,75,0.1,7.936347902175541,0.4,6/3000,32529.81,True,39176.62,6646.810000000001,56191.64,False,50572.476,-5619.163999999997
140,8,30,75,0.15,18.001275371912186,0.6,6/3000,56191.64,True,63331.83,7140.190000000002,54640.93,False,46444.790499999996,-8196.139500000005
141,8,30,75,0.2,28.52006726209558,0.75,5/3000,56191.64,True,63331.83,7140.190000000002,54640.93,False,43712.744000000006,-10928.185999999994
142,8,30,75,0.3,15.195742531676274,0.75,5/3000,56191.64,True,63331.83,7140.190000000002,54640.93,False,38248.651,-16392.279000000002
143,8,30,75,0.35,8.533580166466635,0.75,5/3000,56191.64,True,63331.83,7140.190000000002,54640.93,False,35516.6045,-19124.3255
144,8,35,60,0.05,14.9184732417759,0.3333333333333333,17/3000,32529.81,True,37680.98,5151.170000000002,56191.64,False,53382.058,-2809.582000000002
145,8,35,60,0.1,12.228506834202136,0.5,16/3000,32529.81,True,37680.98,5151.170000000002,54640.93,False,49176.837,-5464.093000000001
146,8,35,60,0.15,-10.963779724679469,0.4166666666666667,14/3000,32529.81,True,37680.98,5151.170000000002,50445.87,False,42878.9895,-7566.880499999999
147,8,35,60,0.2,0.0594194730840627,0.45454545454545453,13/3000,32529.81,True,37680.98,5151.170000000002,50445.87,False,40356.696,-10089.173999999999
148,8,35,60,0.3,-3.2753828139062335,0.45454545454545453,13/3000,32529.81,True,37680.98,5151.170000000002,50445.87,False,35312.109,-15133.761000000006
149,8,35,60,0.35,-8.618179083002815,0.45454545454545453,13/3000,32529.81,True,37680.98,5151.170000000002,50445.87,False,32789.815500000004,-17656.0545
150,8,35,65,0.05,16.50086522230859,0.3333333333333333,17/3000,32529.81,True,37680.98,5151.170000000002,56191.64,False,53382.058,-2809.582000000002
151,8,35,65,0.1,7.885984126636217,0.46153846153846156,15/3000,32529.81,True,37680.98,5151.170000000002,56191.64,False,50572.476,-5619.163999999997
152,8,35,65,0.15,-11.335521388102393,0.36363636363636365,13/3000,32529.81,True,37680.98,5151.170000000002,50445.87,False,42878.9895,-7566.880499999999
153,8,35,65,0.2,2.3468799426268987,0.4,12/3000,32529.81,True,37680.98,5151.170000000002,50445.87,False,40356.696,-10089.173999999999
154,8,35,65,0.3,0.929561226105065,0.4,12/3000,32529.81,True,37680.98,5151.170000000002,50445.87,False,35312.109,-15133.761000000006
155,8,35,65,0.35,-4.713588188706666,0.4,12/3000,32529.81,True,37680.98,5151.170000000002,50445.87,False,32789.815500000004,-17656.0545
156,8,35,70,0.05,23.50918572502148,0.3,12/3000,56153.83,True,63331.83,7178.0,56191.64,False,53382.058,-2809.582000000002
157,8,35,70,0.1,6.22375600429109,0.4444444444444444,11/3000,56153.83,True,63331.83,7178.0,56191.64,False,50572.476,-5619.163999999997
158,8,35,70,0.15,-0.435573353554787,0.42857142857142855,9/3000,56191.64,True,63331.83,7140.190000000002,50445.87,False,42878.9895,-7566.880499999999
159,8,35,70,0.2,2.9976611659984798,0.5,8/3000,56191.64,True,63331.83,7140.190000000002,50445.87,False,40356.696,-10089.173999999999
160,8,35,70,0.3,-4.1176413931876965,0.4,7/3000,56191.64,True,63331.83,7140.190000000002,50445.87,False,35312.109,-15133.761000000006
161,8,35,70,0.35,-9.400276335192757,0.4,7/3000,56191.64,True,63331.83,7140.190000000002,50445.87,False,32789.815500000004,-17656.0545
162,8,35,75,0.05,12.23319060442914,0.2222222222222222,10/3000,56153.83,True,63331.83,7178.0,56191.64,False,53382.058,-2809.582000000002
163,8,35,75,0.1,0.029597069339217796,0.375,9/3000,56153.83,True,63331.83,7178.0,56191.64,False,50572.476,-5619.163999999997
164,8,35,75,0.15,-8.937003648268274,0.42857142857142855,8/3000,56191.64,True,63331.83,7140.190000000002,54640.93,False,46444.790499999996,-8196.139500000005
165,8,35,75,0.2,-10.126461081549252,0.5,7/3000,56191.64,True,63331.83,7140.190000000002,54640.93,False,43712.744000000006,-10928.185999999994
166,8,35,75,0.3,-0.4385790682297426,0.5,5/3000,56191.64,True,63331.83,7140.190000000002,54640.93,False,38248.651,-16392.279000000002
167,8,35,75,0.35,-5.9840041763032445,0.5,5/3000,56191.64,True,63331.83,7140.190000000002,54640.93,False,35516.6045,-19124.3255
168,8,40,60,0.05,-9.568524048089671,0.32,27/3000,32529.81,True,37680.98,5151.170000000002,56191.64,False,53382.058,-2809.582000000002
169,8,40,60,0.1,14.871836984926247,0.5652173913043478,25/3000,32529.81,True,37680.98,5151.170000000002,54640.93,False,49176.837,-5464.093000000001
170,8,40,60,0.15,-5.443017494447616,0.55,22/3000,32529.81,True,37680.98,5151.170000000002,50445.87,False,42878.9895,-7566.880499999999
171,8,40,60,0.2,-11.700715801469826,0.5555555555555556,20/3000,37318.52,True,41432.88,4114.360000000001,50445.87,False,40356.696,-10089.173999999999
172,8,40,60,0.3,1.5107377255018264,0.5882352941176471,19/3000,37318.52,True,41432.88,4114.360000000001,50445.87,False,35312.109,-15133.761000000006
173,8,40,60,0.35,-4.173924296409567,0.5882352941176471,19/3000,37318.52,True,41432.88,4114.360000000001,50445.87,False,32789.815500000004,-17656.0545
174,8,40,65,0.05,-16.073021110002095,0.25,26/3000,32529.81,True,37680.98,5151.170000000002,56191.64,False,53382.058,-2809.582000000002
175,8,40,65,0.1,0.5277216741029775,0.47619047619047616,23/3000,32529.81,True,37680.98,5151.170000000002,56191.64,False,50572.476,-5619.163999999997
176,8,40,65,0.15,-21.098677957491738,0.4117647058823529,19/3000,32529.81,True,37680.98,5151.170000000002,55830.9,False,47456.265,-8374.635000000002
177,8,40,65,0.2,-16.168089631132496,0.42857142857142855,16/3000,56153.83,True,60575.94,4422.110000000001,55830.9,False,44664.72,-11166.18
178,8,40,65,0.3,-7.663136370957247,0.46153846153846156,15/3000,56153.83,True,60575.94,4422.110000000001,55830.9,False,39081.63,-16749.270000000004
179,8,40,65,0.35,-7.3438089510334095,0.46153846153846156,15/3000,56153.83,True,60575.94,4422.110000000001,55830.9,False,36290.085,-19540.815000000002
180,8,40,70,0.05,-7.386860099703256,0.16666666666666666,20/3000,52686.15,True,63331.83,10645.68,56191.64,False,53382.058,-2809.582000000002
181,8,40,70,0.1,-17.601457470751278,0.2857142857142857,16/3000,51306.95,True,63331.83,12024.880000000005,56191.64,False,50572.476,-5619.163999999997
182,8,40,70,0.15,-21.811170935454257,0.3,12/3000,56191.64,True,63331.83,7140.190000000002,55988.95,False,47590.6075,-8398.342499999999
183,8,40,70,0.2,-22.026875635292605,0.375,10/3000,56191.64,True,63331.83,7140.190000000002,55988.95,False,44791.16,-11197.789999999994
184,8,40,70,0.3,-18.878392365026585,0.16666666666666666,8/3000,56191.64,True,63331.83,7140.190000000002,55988.95,False,39192.26499999999,-16796.685000000005
185,8,40,70,0.35,-18.609928002148237,0.3333333333333333,8/3000,56191.64,True,63331.83,7140.190000000002,55988.95,False,36392.8175,-19596.1325
186,8,40,75,0.05,-8.165175973470014,0.13333333333333333,16/3000,52686.15,True,63331.83,10645.68,56191.64,False,53382.058,-2809.582000000002
187,8,40,75,0.1,-15.277900568350972,0.2727272727272727,12/3000,51306.95,True,63331.83,12024.880000000005,56191.64,False,50572.476,-5619.163999999997
188,8,40,75,0.15,-18.61760451114894,0.375,9/3000,56191.64,True,63331.83,7140.190000000002,54640.93,False,46444.790499999996,-8196.139500000005
189,8,40,75,0.2,-18.845552832614224,0.5,7/3000,56191.64,True,63331.83,7140.190000000002,54640.93,False,43712.744000000006,-10928.185999999994
190,8,40,75,0.3,-10.40081919377485,0.5,5/3000,56191.64,True,63331.83,7140.190000000002,54640.93,False,38248.651,-16392.279000000002
191,8,40,75,0.35,-15.234655721452263,0.5,5/3000,56191.64,True,63331.83,7140.190000000002,54640.93,False,35516.6045,-19124.3255
192,14,25,60,0.05,13.914698346988203,0.0,3/3000,32892.95,False,31248.302499999994,-1644.6475000000028,54640.93,False,51908.883499999996,-2732.046500000004
193,14,25,60,0.1,18.62285554214462,0.5,3/3000,32892.95,True,34672.51,1779.560000000005,54640.93,False,49176.837,-5464.093000000001
194,14,25,60,0.15,26.567166855498726,0.5,3/3000,32892.95,True,34672.51,1779.560000000005,54640.93,False,53217.03,-1423.9000000000015
195,14,25,60,0.2,26.567166855498726,0.5,3/3000,32892.95,True,34672.51,1779.560000000005,54640.93,False,53217.03,-1423.9000000000015
196,14,25,60,0.3,26.567166855498726,0.5,3/3000,32892.95,True,34672.51,1779.560000000005,54640.93,False,53217.03,-1423.9000000000015
197,14,25,60,0.35,26.567166855498726,0.5,3/3000,32892.95,True,34672.51,1779.560000000005,54640.93,False,53217.03,-1423.9000000000015
198,14,25,65,0.05,13.914698346988203,0.0,3/3000,32892.95,False,31248.302499999994,-1644.6475000000028,54640.93,False,51908.883499999996,-2732.046500000004
199,14,25,65,0.1,31.184266983435805,0.5,3/3000,32892.95,True,39176.62,6283.6700000000055,54640.93,False,49176.837,-5464.093000000001
200,14,25,65,0.15,40.16057892292258,0.5,3/3000,32892.95,True,39176.62,6283.6700000000055,54640.93,False,53217.03,-1423.9000000000015
201,14,25,65,0.2,40.16057892292258,0.5,3/3000,32892.95,True,39176.62,6283.6700000000055,54640.93,False,53217.03,-1423.9000000000015
202,14,25,65,0.3,40.16057892292258,0.5,3/3000,32892.95,True,39176.62,6283.6700000000055,54640.93,False,53217.03,-1423.9000000000015
203,14,25,65,0.35,40.16057892292258,0.5,3/3000,32892.95,True,39176.62,6283.6700000000055,54640.93,False,53217.03,-1423.9000000000015
204,14,25,70,0.05,15.40795407439434,0.0,3/3000,32892.95,False,31248.302499999994,-1644.6475000000028,54640.93,False,51908.883499999996,-2732.046500000004
205,14,25,70,0.1,32.95785859990916,0.5,3/3000,32892.95,True,39176.62,6283.6700000000055,54640.93,False,49176.837,-5464.093000000001
206,14,25,70,0.15,26.78939253428871,0.5,3/3000,32892.95,True,39176.62,6283.6700000000055,54640.93,False,46444.790499999996,-8196.139500000005
207,14,25,70,0.2,20.620926468668273,0.5,3/3000,32892.95,True,39176.62,6283.6700000000055,54640.93,False,43712.744000000006,-10928.185999999994
208,14,25,70,0.3,8.283994337427345,0.5,3/3000,32892.95,True,39176.62,6283.6700000000055,54640.93,False,38248.651,-16392.279000000002
209,14,25,70,0.35,2.115528271806923,0.5,3/3000,32892.95,True,39176.62,6283.6700000000055,54640.93,False,35516.6045,-19124.3255
210,14,25,75,0.05,17.61616744875991,0.0,3/3000,32892.95,False,31248.302499999994,-1644.6475000000028,54640.93,False,51908.883499999996,-2732.046500000004
211,14,25,75,0.1,35.58063020980761,0.5,3/3000,32892.95,True,39176.62,6283.6700000000055,54640.93,False,49176.837,-5464.093000000001
212,14,25,75,0.15,29.26645461030391,0.5,3/3000,32892.95,True,39176.62,6283.6700000000055,54640.93,False,46444.790499999996,-8196.139500000005
213,14,25,75,0.2,22.95227901080024,0.5,3/3000,32892.95,True,39176.62,6283.6700000000055,54640.93,False,43712.744000000006,-10928.185999999994
214,14,25,75,0.3,10.323927811792842,0.5,3/3000,32892.95,True,39176.62,6283.6700000000055,54640.93,False,38248.651,-16392.279000000002
215,14,25,75,0.35,4.009752212289158,0.5,3/3000,32892.95,True,39176.62,6283.6700000000055,54640.93,False,35516.6045,-19124.3255
216,14,30,60,0.05,37.2720299466348,0.5,7/3000,32529.81,True,37680.98,5151.170000000002,54640.93,False,51908.883499999996,-2732.046500000004
217,14,30,60,0.1,36.794064455587446,0.6666666666666666,7/3000,32529.81,True,37680.98,5151.170000000002,54640.93,False,49176.837,-5464.093000000001
218,14,30,60,0.15,28.529894789078796,0.6,6/3000,32529.81,True,37680.98,5151.170000000002,50445.87,False,42878.9895,-7566.880499999999
219,14,30,60,0.2,22.259046237882472,0.6,6/3000,32529.81,True,37680.98,5151.170000000002,50445.87,False,40356.696,-10089.173999999999
220,14,30,60,0.3,9.717349135489798,0.6,6/3000,32529.81,True,37680.98,5151.170000000002,50445.87,False,35312.109,-15133.761000000006
221,14,30,60,0.35,3.446500584293446,0.6,6/3000,32529.81,True,37680.98,5151.170000000002,50445.87,False,32789.815500000004,-17656.0545
222,14,30,65,0.05,39.734221940814706,0.5,6/3000,32529.81,True,39176.62,6646.810000000001,54640.93,False,51908.883499999996,-2732.046500000004
223,14,30,65,0.1,27.659640657388863,0.5,6/3000,32529.81,True,39176.62,6646.810000000001,54640.93,False,49176.837,-5464.093000000001
224,14,30,65,0.15,20.052643023409146,0.3333333333333333,5/3000,32529.81,True,39176.62,6646.810000000001,50445.87,False,42878.9895,-7566.880499999999
225,14,30,65,0.2,14.280456340781612,0.3333333333333333,5/3000,32529.81,True,39176.62,6646.810000000001,50445.87,False,40356.696,-10089.173999999999
226,14,30,65,0.3,2.7360829755265144,0.3333333333333333,5/3000,32529.81,True,39176.62,6646.810000000001,50445.87,False,35312.109,-15133.761000000006
227,14,30,65,0.35,-3.036103707101006,0.3333333333333333,5/3000,32529.81,True,39176.62,6646.810000000001,50445.87,False,32789.815500000004,-17656.0545
228,14,30,70,0.05,30.637671361250696,0.3333333333333333,5/3000,32529.81,True,39176.62,6646.810000000001,54640.93,False,51908.883499999996,-2732.046500000004
229,14,30,70,0.1,19.495423516727612,0.3333333333333333,5/3000,32529.81,True,39176.62,6646.810000000001,54640.93,False,49176.837,-5464.093000000001
230,14,30,70,0.15,8.95545933947595,0.3333333333333333,5/3000,32529.81,True,39176.62,6646.810000000001,54640.93,False,46444.790499999996,-8196.139500000005
231,14,30,70,0.2,18.483876437815695,0.5,4/3000,32529.81,True,39176.62,6646.810000000001,54640.93,False,43712.744000000006,-10928.185999999994
232,14,30,70,0.3,6.414075560431328,0.5,4/3000,32529.81,True,39176.62,6646.810000000001,54640.93,False,38248.651,-16392.279000000002
233,14,30,70,0.35,0.37917512173919476,0.5,4/3000,32529.81,True,39176.62,6646.810000000001,54640.93,False,35516.6045,-19124.3255
234,14,30,75,0.05,33.20563624975847,0.3333333333333333,5/3000,32529.81,True,39176.62,6646.810000000001,54640.93,False,51908.883499999996,-2732.046500000004
235,14,30,75,0.1,21.800189787853625,0.3333333333333333,5/3000,32529.81,True,39176.62,6646.810000000001,54640.93,False,49176.837,-5464.093000000001
236,14,30,75,0.15,11.011253945511214,0.3333333333333333,5/3000,32529.81,True,39176.62,6646.810000000001,54640.93,False,46444.790499999996,-8196.139500000005
237,14,30,75,0.2,20.764748267146757,0.5,4/3000,32529.81,True,39176.62,6646.810000000001,54640.93,False,43712.744000000006,-10928.185999999994
238,14,30,75,0.3,8.409838411096032,0.5,4/3000,32529.81,True,39176.62,6646.810000000001,54640.93,False,38248.651,-16392.279000000002
239,14,30,75,0.35,2.2323834830706772,0.5,4/3000,32529.81,True,39176.62,6646.810000000001,54640.93,False,35516.6045,-19124.3255
240,14,35,60,0.05,12.065297247995119,0.3333333333333333,17/3000,32529.81,True,37680.98,5151.170000000002,56191.64,False,53382.058,-2809.582000000002
241,14,35,60,0.1,1.0831965078310475,0.46153846153846156,15/3000,32529.81,True,37680.98,5151.170000000002,56191.64,False,50572.476,-5619.163999999997
242,14,35,60,0.15,-14.46556815448777,0.36363636363636365,13/3000,32529.81,True,37680.98,5151.170000000002,50445.87,False,42878.9895,-7566.880499999999
243,14,35,60,0.2,0.24772609344736907,0.4,12/3000,35238.54,True,39176.62,3938.0800000000017,50445.87,False,40356.696,-10089.173999999999
244,14,35,60,0.3,-9.542555990890932,0.4,12/3000,35238.54,True,39176.62,3938.0800000000017,50445.87,False,35312.109,-15133.761000000006
245,14,35,60,0.35,-14.43769703306009,0.4,12/3000,35238.54,True,39176.62,3938.0800000000017,50445.87,False,32789.815500000004,-17656.0545
246,14,35,65,0.05,19.088761620249656,0.3,12/3000,32529.81,True,39176.62,6646.810000000001,56191.64,False,53382.058,-2809.582000000002
247,14,35,65,0.1,5.538681523788952,0.4444444444444444,11/3000,32529.81,True,39176.62,6646.810000000001,56191.64,False,50572.476,-5619.163999999997
248,14,35,65,0.15,-1.0665288621879938,0.42857142857142855,9/3000,32529.81,True,39176.62,6646.810000000001,50445.87,False,42878.9895,-7566.880499999999
249,14,35,65,0.2,0.898007252343902,0.4,7/3000,56191.64,True,60575.94,4384.300000000003,50445.87,False,40356.696,-10089.173999999999
250,14,35,65,0.3,-8.97355997685645,0.4,7/3000,56191.64,True,60575.94,4384.300000000003,50445.87,False,35312.109,-15133.761000000006
251,14,35,65,0.35,-13.909343591456604,0.4,7/3000,56191.64,True,60575.94,4384.300000000003,50445.87,False,32789.815500000004,-17656.0545
252,14,35,70,0.05,8.303442391904397,0.2222222222222222,10/3000,32529.81,True,39176.62,6646.810000000001,56191.64,False,53382.058,-2809.582000000002
253,14,35,70,0.1,-4.138741907041592,0.2857142857142857,8/3000,32529.81,True,39176.62,6646.810000000001,56191.64,False,50572.476,-5619.163999999997
254,14,35,70,0.15,-12.626804135312796,0.3333333333333333,7/3000,32529.81,True,39176.62,6646.810000000001,54640.93,False,46444.790499999996,-8196.139500000005
255,14,35,70,0.2,1.045218776947621,0.6666666666666666,4/3000,56191.64,True,60575.94,4384.300000000003,54640.93,False,43712.744000000006,-10928.185999999994
256,14,35,70,0.3,-8.844749892828219,0.6666666666666666,4/3000,56191.64,True,60575.94,4384.300000000003,54640.93,False,38248.651,-16392.279000000002
257,14,35,70,0.35,-13.78973422771611,0.6666666666666666,4/3000,56191.64,True,60575.94,4384.300000000003,54640.93,False,35516.6045,-19124.3255
258,14,35,75,0.05,12.233190604429183,0.2222222222222222,10/3000,56153.83,True,63331.83,7178.0,56191.64,False,53382.058,-2809.582000000002
259,14,35,75,0.1,-0.7750483242529924,0.2857142857142857,8/3000,56153.83,True,63331.83,7178.0,56191.64,False,50572.476,-5619.163999999997
260,14,35,75,0.15,-9.649273207437545,0.3333333333333333,7/3000,56191.64,True,63331.83,7140.190000000002,54640.93,False,46444.790499999996,-8196.139500000005
261,14,35,75,0.2,4.644755590718702,0.6666666666666666,4/3000,56191.64,True,63331.83,7140.190000000002,54640.93,False,43712.744000000006,-10928.185999999994
262,14,35,75,0.3,-5.695155180778514,0.6666666666666666,4/3000,56191.64,True,63331.83,7140.190000000002,54640.93,False,38248.651,-16392.279000000002
263,14,35,75,0.35,-10.865110566527093,0.6666666666666666,4/3000,56191.64,True,63331.83,7140.190000000002,54640.93,False,35516.6045,-19124.3255
264,14,40,60,0.05,-15.884903952448703,0.28,27/3000,32529.81,True,37680.98,5151.170000000002,56191.64,False,53382.058,-2809.582000000002
265,14,40,60,0.1,-15.913132486142878,0.47619047619047616,23/3000,32529.81,True,37680.98,5151.170000000002,56191.64,False,50572.476,-5619.163999999997
266,14,40,60,0.15,-26.15301285758286,0.4375,18/3000,32529.81,True,37680.98,5151.170000000002,55565.33,False,47230.5305,-8334.799500000001
267,14,40,60,0.2,-24.524040696736364,0.46153846153846156,15/3000,35238.54,True,39176.62,3938.0800000000017,55565.33,False,44452.264,-11113.065999999999
268,14,40,60,0.3,-17.167061252638334,0.4166666666666667,14/3000,35238.54,True,39176.62,3938.0800000000017,55565.33,False,38895.731,-16669.599000000002
269,14,40,60,0.35,-16.890835717653097,0.5,14/3000,35238.54,True,39176.62,3938.0800000000017,55565.33,False,36117.4645,-19447.8655
270,14,40,65,0.05,-10.46284012749365,0.16666666666666666,20/3000,52686.15,True,60575.94,7889.790000000001,56191.64,False,53382.058,-2809.582000000002
271,14,40,65,0.1,-17.692078495772805,0.3076923076923077,15/3000,51306.95,True,60575.94,9268.990000000005,56191.64,False,50572.476,-5619.163999999997
272,14,40,65,0.15,-21.895483556923686,0.3333333333333333,11/3000,32529.81,True,39176.62,6646.810000000001,55988.95,False,47590.6075,-8398.342499999999
273,14,40,65,0.2,-22.110865015689647,0.42857142857142855,9/3000,56191.64,True,60575.94,4384.300000000003,55988.95,False,44791.16,-11197.789999999994
274,14,40,65,0.3,-18.967099858238804,0.2,7/3000,56191.64,True,60575.94,4384.300000000003,55988.95,False,39192.26499999999,-16796.685000000005
275,14,40,65,0.35,-18.699037798641804,0.4,7/3000,56191.64,True,60575.94,4384.300000000003,55988.95,False,36392.8175,-19596.1325
276,14,40,70,0.05,-7.546974352331631,0.14285714285714285,15/3000,52686.15,True,60575.94,7889.790000000001,56191.64,False,53382.058,-2809.582000000002
277,14,40,70,0.1,-18.629293744895435,0.2,11/3000,51306.95,True,60575.94,9268.990000000005,56191.64,False,50572.476,-5619.163999999997
278,14,40,70,0.15,-21.79076103704392,0.2857142857142857,8/3000,32529.81,True,39176.62,6646.810000000001,54640.93,False,46444.790499999996,-8196.139500000005
279,14,40,70,0.2,-22.00654398516029,0.4,6/3000,56191.64,True,60575.94,4384.300000000003,54640.93,False,43712.744000000006,-10928.185999999994
280,14,40,70,0.3,-14.012497312948355,0.6666666666666666,4/3000,56191.64,True,60575.94,4384.300000000003,54640.93,False,38248.651,-16392.279000000002
281,14,40,70,0.35,-18.588356832113384,0.6666666666666666,4/3000,56191.64,True,60575.94,4384.300000000003,54640.93,False,35516.6045,-19124.3255
282,14,40,75,0.05,-4.338337607516095,0.14285714285714285,15/3000,52686.15,True,63331.83,10645.68,56191.64,False,53382.058,-2809.582000000002
283,14,40,75,0.1,-15.92484485404924,0.2,11/3000,51306.95,True,63331.83,12024.880000000005,56191.64,False,50572.476,-5619.163999999997
284,14,40,75,0.15,-19.230142454002475,0.2857142857142857,8/3000,56191.64,True,63331.83,7140.190000000002,54640.93,False,46444.790499999996,-8196.139500000005
285,14,40,75,0.2,-19.455742403206763,0.4,6/3000,56191.64,True,63331.83,7140.190000000002,54640.93,False,43712.744000000006,-10928.185999999994
286,14,40,75,0.3,-11.098008212757662,0.6666666666666666,4/3000,56191.64,True,63331.83,7140.190000000002,54640.93,False,38248.651,-16392.279000000002
287,14,40,75,0.35,-15.882045524793455,0.6666666666666666,4/3000,56191.64,True,63331.83,7140.190000000002,54640.93,False,35516.6045,-19124.3255
288,24,25,60,0.05,24.26132269215799,,1/3000,,,,,,,,
289,24,25,60,0.1,24.26132269215799,,1/3000,,,,,,,,
290,24,25,60,0.15,24.26132269215799,,1/3000,,,,,,,,
291,24,25,60,0.2,24.26132269215799,,1/3000,,,,,,,,
292,24,25,60,0.3,24.26132269215799,,1/3000,,,,,,,,
293,24,25,60,0.35,24.26132269215799,,1/3000,,,,,,,,
294,24,25,65,0.05,25.92253456228599,,1/3000,,,,,,,,
295,24,25,65,0.1,25.92253456228599,,1/3000,,,,,,,,
296,24,25,65,0.15,25.92253456228599,,1/3000,,,,,,,,
297,24,25,65,0.2,25.92253456228599,,1/3000,,,,,,,,
298,24,25,65,0.3,25.92253456228599,,1/3000,,,,,,,,
299,24,25,65,0.35,25.92253456228599,,1/3000,,,,,,,,
300,24,25,70,0.05,28.379119996345196,,1/3000,,,,,,,,
301,24,25,70,0.1,28.379119996345196,,1/3000,,,,,,,,
302,24,25,70,0.15,28.379119996345196,,1/3000,,,,,,,,
303,24,25,70,0.2,28.379119996345196,,1/3000,,,,,,,,
304,24,25,70,0.3,28.379119996345196,,1/3000,,,,,,,,
305,24,25,70,0.35,28.379119996345196,,1/3000,,,,,,,,
306,24,25,75,0.05,0.0,,0/3000,,,,,,,,
307,24,25,75,0.1,0.0,,0/3000,,,,,,,,
308,24,25,75,0.15,0.0,,0/3000,,,,,,,,
309,24,25,75,0.2,0.0,,0/3000,,,,,,,,
310,24,25,75,0.3,0.0,,0/3000,,,,,,,,
311,24,25,75,0.35,0.0,,0/3000,,,,,,,,
312,24,30,60,0.05,13.914698346988203,0.0,3/3000,32892.95,False,31248.302499999994,-1644.6475000000028,54640.93,False,51908.883499999996,-2732.046500000004
313,24,30,60,0.1,22.008162493379317,0.5,3/3000,32892.95,True,35886.37,2993.4200000000055,54640.93,False,49176.837,-5464.093000000001
314,24,30,60,0.15,30.23059851506369,0.5,3/3000,32892.95,True,35886.37,2993.4200000000055,54640.93,False,53217.03,-1423.9000000000015
315,24,30,60,0.2,30.23059851506369,0.5,3/3000,32892.95,True,35886.37,2993.4200000000055,54640.93,False,53217.03,-1423.9000000000015
316,24,30,60,0.3,30.23059851506369,0.5,3/3000,32892.95,True,35886.37,2993.4200000000055,54640.93,False,53217.03,-1423.9000000000015
317,24,30,60,0.35,30.23059851506369,0.5,3/3000,32892.95,True,35886.37,2993.4200000000055,54640.93,False,53217.03,-1423.9000000000015
318,24,30,65,0.05,15.40795407439434,0.0,3/3000,32892.95,False,31248.302499999994,-1644.6475000000028,54640.93,False,51908.883499999996,-2732.046500000004
319,24,30,65,0.1,32.95785859990916,0.5,3/3000,32892.95,True,39176.62,6283.6700000000055,54640.93,False,49176.837,-5464.093000000001
320,24,30,65,0.15,26.78939253428871,0.5,3/3000,32892.95,True,39176.62,6283.6700000000055,54640.93,False,46444.790499999996,-8196.139500000005
321,24,30,65,0.2,20.620926468668273,0.5,3/3000,32892.95,True,39176.62,6283.6700000000055,54640.93,False,43712.744000000006,-10928.185999999994
322,24,30,65,0.3,8.283994337427345,0.5,3/3000,32892.95,True,39176.62,6283.6700000000055,54640.93,False,38248.651,-16392.279000000002
323,24,30,65,0.35,2.115528271806923,0.5,3/3000,32892.95,True,39176.62,6283.6700000000055,54640.93,False,35516.6045,-19124.3255
324,24,30,70,0.05,17.61616744875991,0.0,3/3000,32892.95,False,31248.302499999994,-1644.6475000000028,54640.93,False,51908.883499999996,-2732.046500000004
325,24,30,70,0.1,7.808533578647186,0.0,3/3000,32892.95,False,29603.655,-3289.2949999999983,54640.93,False,49176.837,-5464.093000000001
326,24,30,70,0.15,8.219573217293814,0.0,3/3000,54640.93,False,46444.790499999996,-8196.139500000005,54640.93,False,46444.790499999996,-8196.139500000005
327,24,30,70,0.2,3.1434494644377935,0.0,3/3000,54640.93,False,43712.744000000006,-10928.185999999994,54640.93,False,43712.744000000006,-10928.185999999994
328,24,30,70,0.3,-7.008798041274304,0.0,3/3000,54640.93,False,38248.651,-16392.279000000002,54640.93,False,38248.651,-16392.279000000002
329,24,30,70,0.35,-12.084921794130338,0.0,3/3000,54640.93,False,35516.6045,-19124.3255,54640.93,False,35516.6045,-19124.3255
330,24,30,75,0.05,10.740101462559679,0.0,2/3000,32892.95,False,31248.302499999994,-1644.6475000000028,54640.93,False,51908.883499999996,-2732.046500000004
331,24,30,75,0.1,1.6372167378470124,0.0,2/3000,32892.95,False,29603.655,-3289.2949999999983,54640.93,False,49176.837,-5464.093000000001
332,24,30,75,0.15,2.018720217426292,0.0,2/3000,54640.93,False,46444.790499999996,-8196.139500000005,54640.93,False,46444.790499999996,-8196.139500000005
333,24,30,75,0.2,-2.692647476613999,0.0,2/3000,54640.93,False,43712.744000000006,-10928.185999999994,54640.93,False,43712.744000000006,-10928.185999999994
334,24,30,75,0.3,-12.115382864694624,0.0,2/3000,54640.93,False,38248.651,-16392.279000000002,54640.93,False,38248.651,-16392.279000000002
335,24,30,75,0.35,-16.8267505587349,0.0,2/3000,54640.93,False,35516.6045,-19124.3255,54640.93,False,35516.6045,-19124.3255
336,24,35,60,0.05,24.239384972433072,0.4,7/3000,48226.87,True,53217.03,4990.159999999996,54640.93,False,51908.883499999996,-2732.046500000004
337,24,35,60,0.1,8.919893607271717,0.4,7/3000,48226.87,True,53217.03,4990.159999999996,54640.93,False,49176.837,-5464.093000000001
338,24,35,60,0.15,-1.8241951595164068,0.25,6/3000,32529.81,True,35886.37,3356.5600000000013,50445.87,False,42878.9895,-7566.880499999999
339,24,35,60,0.2,3.2783567291457985,0.25,6/3000,32529.81,True,35886.37,3356.5600000000013,50445.87,False,40356.696,-10089.173999999999
340,24,35,60,0.3,-6.890754184654796,0.25,6/3000,32529.81,True,35886.37,3356.5600000000013,50445.87,False,35312.109,-15133.761000000006
341,24,35,60,0.35,-11.975309641555071,0.25,6/3000,32529.81,True,35886.37,3356.5600000000013,50445.87,False,32789.815500000004,-17656.0545
342,24,35,65,0.05,24.995611357026306,0.25,6/3000,32529.81,True,39176.62,6646.810000000001,54640.93,False,51908.883499999996,-2732.046500000004
343,24,35,65,0.1,9.562890002511253,0.25,6/3000,32529.81,True,39176.62,6646.810000000001,54640.93,False,49176.837,-5464.093000000001
344,24,35,65,0.15,-4.246916156008098,0.25,6/3000,32529.81,True,39176.62,6646.810000000001,54640.93,False,46444.790499999996,-8196.139500000005
345,24,35,65,0.2,9.498081829980393,0.5,4/3000,32529.81,True,39176.62,6646.810000000001,54640.93,False,43712.744000000006,-10928.185999999994
346,24,35,65,0.3,-1.4484947214245523,0.5,4/3000,32529.81,True,39176.62,6646.810000000001,54640.93,False,38248.651,-16392.279000000002
347,24,35,65,0.35,-6.921782997126982,0.5,4/3000,32529.81,True,39176.62,6646.810000000001,54640.93,False,35516.6045,-19124.3255
348,24,35,70,0.05,9.705542063911437,0.0,5/3000,32529.81,False,30903.3195,-1626.4904999999999,54640.93,False,51908.883499999996,-2732.046500000004
349,24,35,70,0.1,-3.437792912993359,0.0,5/3000,32529.81,False,29276.829,-3252.9809999999998,54640.93,False,49176.837,-5464.093000000001
350,24,35,70,0.15,-4.0539779553324,0.0,4/3000,50445.87,False,42878.9895,-7566.880499999999,54640.93,False,46444.790499999996,-8196.139500000005
351,24,35,70,0.2,4.050110071241036,0.0,3/3000,54640.93,False,43712.744000000006,-10928.185999999994,54640.93,False,43712.744000000006,-10928.185999999994
352,24,35,70,0.3,-6.215470010321482,0.0,3/3000,54640.93,False,38248.651,-16392.279000000002,54640.93,False,38248.651,-16392.279000000002
353,24,35,70,0.35,-11.348260051102713,0.0,3/3000,54640.93,False,35516.6045,-19124.3255,54640.93,False,35516.6045,-19124.3255
354,24,35,75,0.05,3.3979114978527036,0.0,4/3000,32529.81,False,30903.3195,-1626.4904999999999,54640.93,False,51908.883499999996,-2732.046500000004
355,24,35,75,0.1,-8.800980179541597,0.0,4/3000,32529.81,False,29276.829,-3252.9809999999998,54640.93,False,49176.837,-5464.093000000001
356,24,35,75,0.15,-9.372887887739935,0.0,3/3000,50445.87,False,42878.9895,-7566.880499999999,54640.93,False,46444.790499999996,-8196.139500000005
357,24,35,75,0.2,-1.8511369657742307,0.0,2/3000,54640.93,False,43712.744000000006,-10928.185999999994,54640.93,False,43712.744000000006,-10928.185999999994
358,24,35,75,0.3,-11.379061167709821,0.0,2/3000,54640.93,False,38248.651,-16392.279000000002,54640.93,False,38248.651,-16392.279000000002
359,24,35,75,0.35,-16.143023268677602,0.0,2/3000,54640.93,False,35516.6045,-19124.3255,54640.93,False,35516.6045,-19124.3255
360,24,40,60,0.05,-1.400297768077408,0.25,18/3000,48226.87,True,53217.03,4990.159999999996,56191.64,False,53382.058,-2809.582000000002
361,24,40,60,0.1,-13.93698677707198,0.38461538461538464,15/3000,51306.95,True,57624.77,6317.82,56191.64,False,50572.476,-5619.163999999997
362,24,40,60,0.15,-25.20435860123949,0.4,12/3000,56153.83,True,60575.94,4422.110000000001,54541.13,False,46359.960499999994,-8181.169500000004
363,24,40,60,0.2,-17.919476334732963,0.2857142857142857,9/3000,56153.83,True,60575.94,4422.110000000001,54541.13,False,43632.904,-10908.225999999995
364,24,40,60,0.3,-12.148153170677418,0.3333333333333333,8/3000,56153.83,True,60575.94,4422.110000000001,54541.13,False,38178.791,-16362.339
365,24,40,60,0.35,-16.857180128576083,0.3333333333333333,8/3000,56153.83,True,60575.94,4422.110000000001,54541.13,False,35451.7345,-19089.3955
366,24,40,65,0.05,2.7564220794976677,0.16666666666666666,13/3000,52686.15,True,60575.94,7889.790000000001,56191.64,False,53382.058,-2809.582000000002
367,24,40,65,0.1,-11.891968488119772,0.2222222222222222,10/3000,51306.95,True,60575.94,9268.990000000005,56191.64,False,50572.476,-5619.163999999997
368,24,40,65,0.15,-22.555168606595352,0.2857142857142857,8/3000,32529.81,True,39176.62,6646.810000000001,54640.93,False,46444.790499999996,-8196.139500000005
369,24,40,65,0.2,-14.905259397867304,0.5,5/3000,56191.64,True,60575.94,4384.300000000003,54640.93,False,43712.744000000006,-10928.185999999994
370,24,40,65,0.3,-8.844749892828219,0.6666666666666666,4/3000,56191.64,True,60575.94,4384.300000000003,54640.93,False,38248.651,-16392.279000000002
371,24,40,65,0.35,-13.78973422771611,0.6666666666666666,4/3000,56191.64,True,60575.94,4384.300000000003,54640.93,False,35516.6045,-19124.3255
372,24,40,70,0.05,-3.914725965234638,0.1,11/3000,52686.15,True,63331.83,10645.68,56191.64,False,53382.058,-2809.582000000002
373,24,40,70,0.1,-21.28734731239986,0.125,9/3000,51306.95,True,63331.83,12024.880000000005,56191.64,False,50572.476,-5619.163999999997
374,24,40,70,0.15,-21.68558035797014,0.2,6/3000,56191.64,True,63331.83,7140.190000000002,54640.93,False,46444.790499999996,-8196.139500000005
375,24,40,70,0.2,-22.12411619388009,0.25,5/3000,56191.64,True,63331.83,7140.190000000002,54640.93,False,43712.744000000006,-10928.185999999994
376,24,40,70,0.3,-11.764300916887109,0.5,3/3000,56191.64,True,63331.83,7140.190000000002,54640.93,False,38248.651,-16392.279000000002
377,24,40,70,0.35,-16.500745892913663,0.5,3/3000,56191.64,True,63331.83,7140.190000000002,54640.93,False,35516.6045,-19124.3255
378,24,40,75,0.05,-16.25694665256784,0.0,10/3000,32220.74,False,30609.703,-1611.0370000000003,56191.64,False,53382.058,-2809.582000000002
379,24,40,75,0.1,-31.97744039198392,0.0,8/3000,32529.81,False,29276.829,-3252.9809999999998,56191.64,False,50572.476,-5619.163999999997
380,24,40,75,0.15,-27.942799277113757,0.0,5/3000,37318.52,False,31720.741999999995,-5597.778000000002,56191.64,False,47762.894,-8428.746
381,24,40,75,0.2,-28.332672835781253,0.0,4/3000,37318.52,False,29854.816,-7463.703999999998,56191.64,False,44953.312000000005,-11238.327999999994
382,24,40,75,0.3,-23.58044150632618,0.0,2/3000,56191.64,False,39334.147999999994,-16857.492000000006,56191.64,False,39334.147999999994,-16857.492000000006
383,24,40,75,0.35,-23.33330172077636,0.0,2/3000,56191.64,False,36524.566,-19667.074,56191.64,False,36524.566,-19667.074
