,slow_len,fast_len,sig_len,rsi_len,rsi_lb,rsi_ub,stop_loss,score,win_rate,trade_freq,best_trade_diff,worst_trade_diff,best_trade,worst_trade
0,26,12,9,4,25,60,0.05,1.65847655022624,1.0,3/3000,539.3400000000001,539.3400000000001,,
1,26,12,9,4,25,60,0.1,1.65847655022624,1.0,3/3000,539.3400000000001,539.3400000000001,,
2,26,12,9,4,25,60,0.15,1.65847655022624,1.0,3/3000,539.3400000000001,539.3400000000001,,
3,26,12,9,4,25,60,0.2,1.65847655022624,1.0,3/3000,539.3400000000001,539.3400000000001,,
4,26,12,9,4,25,60,0.3,1.65847655022624,1.0,3/3000,539.3400000000001,539.3400000000001,,
5,26,12,9,4,25,60,0.35,1.65847655022624,1.0,3/3000,539.3400000000001,539.3400000000001,,
6,26,12,9,4,25,65,0.05,-0.1927605296003776,0.0,3/3000,-45.04999999999927,-45.04999999999927,,
7,26,12,9,4,25,65,0.1,-0.1927605296003776,0.0,3/3000,-45.04999999999927,-45.04999999999927,,
8,26,12,9,4,25,65,0.15,-0.1927605296003776,0.0,3/3000,-45.04999999999927,-45.04999999999927,,
9,26,12,9,4,25,65,0.2,-0.1927605296003776,0.0,3/3000,-45.04999999999927,-45.04999999999927,,
10,26,12,9,4,25,65,0.3,-0.1927605296003776,0.0,3/3000,-45.04999999999927,-45.04999999999927,,
11,26,12,9,4,25,65,0.35,-0.1927605296003776,0.0,3/3000,-45.04999999999927,-45.04999999999927,,
12,26,12,9,4,25,70,0.05,1.4240585350186308,1.0,3/3000,465.34000000000015,465.34000000000015,,
13,26,12,9,4,25,70,0.1,1.4240585350186308,1.0,3/3000,465.34000000000015,465.34000000000015,,
14,26,12,9,4,25,70,0.15,1.4240585350186308,1.0,3/3000,465.34000000000015,465.34000000000015,,
15,26,12,9,4,25,70,0.2,1.4240585350186308,1.0,3/3000,465.34000000000015,465.34000000000015,,
16,26,12,9,4,25,70,0.3,1.4240585350186308,1.0,3/3000,465.34000000000015,465.34000000000015,,
17,26,12,9,4,25,70,0.35,1.4240585350186308,1.0,3/3000,465.34000000000015,465.34000000000015,,
18,26,12,9,4,25,75,0.05,1.4240585350186308,1.0,3/3000,465.34000000000015,465.34000000000015,,
19,26,12,9,4,25,75,0.1,1.4240585350186308,1.0,3/3000,465.34000000000015,465.34000000000015,,
20,26,12,9,4,25,75,0.15,1.4240585350186308,1.0,3/3000,465.34000000000015,465.34000000000015,,
21,26,12,9,4,25,75,0.2,1.4240585350186308,1.0,3/3000,465.34000000000015,465.34000000000015,,
22,26,12,9,4,25,75,0.3,1.4240585350186308,1.0,3/3000,465.34000000000015,465.34000000000015,,
23,26,12,9,4,25,75,0.35,1.4240585350186308,1.0,3/3000,465.34000000000015,465.34000000000015,,
24,26,12,9,4,30,60,0.05,0.42641475390999517,0.5,4/3000,539.3400000000001,-323.02999999999884,,
25,26,12,9,4,30,60,0.1,0.42641475390999517,0.5,4/3000,539.3400000000001,-323.02999999999884,,
26,26,12,9,4,30,60,0.15,0.42641475390999517,0.5,4/3000,539.3400000000001,-323.02999999999884,,
27,26,12,9,4,30,60,0.2,0.42641475390999517,0.5,4/3000,539.3400000000001,-323.02999999999884,,
28,26,12,9,4,30,60,0.3,0.42641475390999517,0.5,4/3000,539.3400000000001,-323.02999999999884,,
29,26,12,9,4,30,60,0.35,0.42641475390999517,0.5,4/3000,539.3400000000001,-323.02999999999884,,
30,26,12,9,4,30,65,0.05,-0.1927605296003776,0.0,3/3000,-45.04999999999927,-45.04999999999927,,
31,26,12,9,4,30,65,0.1,-0.1927605296003776,0.0,3/3000,-45.04999999999927,-45.04999999999927,,
32,26,12,9,4,30,65,0.15,-0.1927605296003776,0.0,3/3000,-45.04999999999927,-45.04999999999927,,
33,26,12,9,4,30,65,0.2,-0.1927605296003776,0.0,3/3000,-45.04999999999927,-45.04999999999927,,
34,26,12,9,4,30,65,0.3,-0.1927605296003776,0.0,3/3000,-45.04999999999927,-45.04999999999927,,
35,26,12,9,4,30,65,0.35,-0.1927605296003776,0.0,3/3000,-45.04999999999927,-45.04999999999927,,
36,26,12,9,4,30,70,0.05,1.4240585350186308,1.0,3/3000,465.34000000000015,465.34000000000015,,
37,26,12,9,4,30,70,0.1,1.4240585350186308,1.0,3/3000,465.34000000000015,465.34000000000015,,
38,26,12,9,4,30,70,0.15,1.4240585350186308,1.0,3/3000,465.34000000000015,465.34000000000015,,
39,26,12,9,4,30,70,0.2,1.4240585350186308,1.0,3/3000,465.34000000000015,465.34000000000015,,
40,26,12,9,4,30,70,0.3,1.4240585350186308,1.0,3/3000,465.34000000000015,465.34000000000015,,
41,26,12,9,4,30,70,0.35,1.4240585350186308,1.0,3/3000,465.34000000000015,465.34000000000015,,
42,26,12,9,4,30,75,0.05,1.4240585350186308,1.0,3/3000,465.34000000000015,465.34000000000015,,
43,26,12,9,4,30,75,0.1,1.4240585350186308,1.0,3/3000,465.34000000000015,465.34000000000015,,
44,26,12,9,4,30,75,0.15,1.4240585350186308,1.0,3/3000,465.34000000000015,465.34000000000015,,
45,26,12,9,4,30,75,0.2,1.4240585350186308,1.0,3/3000,465.34000000000015,465.34000000000015,,
46,26,12,9,4,30,75,0.3,1.4240585350186308,1.0,3/3000,465.34000000000015,465.34000000000015,,
47,26,12,9,4,30,75,0.35,1.4240585350186308,1.0,3/3000,465.34000000000015,465.34000000000015,,
48,26,12,9,4,35,60,0.05,-0.24991981465875313,0.6666666666666666,4/3000,539.3400000000001,-539.619999999999,,
49,26,12,9,4,35,60,0.1,-0.24991981465875313,0.6666666666666666,4/3000,539.3400000000001,-539.619999999999,,
50,26,12,9,4,35,60,0.15,-0.24991981465875313,0.6666666666666666,4/3000,539.3400000000001,-539.619999999999,,
51,26,12,9,4,35,60,0.2,-0.24991981465875313,0.6666666666666666,4/3000,539.3400000000001,-539.619999999999,,
52,26,12,9,4,35,60,0.3,-0.24991981465875313,0.6666666666666666,4/3000,539.3400000000001,-539.619999999999,,
53,26,12,9,4,35,60,0.35,-0.24991981465875313,0.6666666666666666,4/3000,539.3400000000001,-539.619999999999,,
54,26,12,9,4,35,65,0.05,-0.19037615180168643,0.5,3/3000,65.13000000000102,-45.04999999999927,,
55,26,12,9,4,35,65,0.1,-0.19037615180168643,0.5,3/3000,65.13000000000102,-45.04999999999927,,
56,26,12,9,4,35,65,0.15,-0.19037615180168643,0.5,3/3000,65.13000000000102,-45.04999999999927,,
57,26,12,9,4,35,65,0.2,-0.19037615180168643,0.5,3/3000,65.13000000000102,-45.04999999999927,,
58,26,12,9,4,35,65,0.3,-0.19037615180168643,0.5,3/3000,65.13000000000102,-45.04999999999927,,
59,26,12,9,4,35,65,0.35,-0.19037615180168643,0.5,3/3000,65.13000000000102,-45.04999999999927,,
60,26,12,9,4,35,70,0.05,1.4264816989488907,1.0,3/3000,465.34000000000015,65.13000000000102,,
61,26,12,9,4,35,70,0.1,1.4264816989488907,1.0,3/3000,465.34000000000015,65.13000000000102,,
62,26,12,9,4,35,70,0.15,1.4264816989488907,1.0,3/3000,465.34000000000015,65.13000000000102,,
63,26,12,9,4,35,70,0.2,1.4264816989488907,1.0,3/3000,465.34000000000015,65.13000000000102,,
64,26,12,9,4,35,70,0.3,1.4264816989488907,1.0,3/3000,465.34000000000015,65.13000000000102,,
65,26,12,9,4,35,70,0.35,1.4264816989488907,1.0,3/3000,465.34000000000015,65.13000000000102,,
66,26,12,9,4,35,75,0.05,1.4264816989488907,1.0,3/3000,465.34000000000015,65.13000000000102,,
67,26,12,9,4,35,75,0.1,1.4264816989488907,1.0,3/3000,465.34000000000015,65.13000000000102,,
68,26,12,9,4,35,75,0.15,1.4264816989488907,1.0,3/3000,465.34000000000015,65.13000000000102,,
69,26,12,9,4,35,75,0.2,1.4264816989488907,1.0,3/3000,465.34000000000015,65.13000000000102,,
70,26,12,9,4,35,75,0.3,1.4264816989488907,1.0,3/3000,465.34000000000015,65.13000000000102,,
71,26,12,9,4,35,75,0.35,1.4264816989488907,1.0,3/3000,465.34000000000015,65.13000000000102,,
72,26,12,9,4,40,60,0.05,0.47200147088554445,0.7142857142857143,8/3000,519.2299999999996,-539.619999999999,,
73,26,12,9,4,40,60,0.1,0.47200147088554445,0.7142857142857143,8/3000,519.2299999999996,-539.619999999999,,
74,26,12,9,4,40,60,0.15,0.47200147088554445,0.7142857142857143,8/3000,519.2299999999996,-539.619999999999,,
75,26,12,9,4,40,60,0.2,0.47200147088554445,0.7142857142857143,8/3000,519.2299999999996,-539.619999999999,,
76,26,12,9,4,40,60,0.3,0.47200147088554445,0.7142857142857143,8/3000,519.2299999999996,-539.619999999999,,
77,26,12,9,4,40,60,0.35,0.47200147088554445,0.7142857142857143,8/3000,519.2299999999996,-539.619999999999,,
78,26,12,9,4,40,65,0.05,0.5641910764739464,0.75,5/3000,519.2299999999996,-533.7299999999996,,
79,26,12,9,4,40,65,0.1,0.5641910764739464,0.75,5/3000,519.2299999999996,-533.7299999999996,,
80,26,12,9,4,40,65,0.15,0.5641910764739464,0.75,5/3000,519.2299999999996,-533.7299999999996,,
81,26,12,9,4,40,65,0.2,0.5641910764739464,0.75,5/3000,519.2299999999996,-533.7299999999996,,
82,26,12,9,4,40,65,0.3,0.5641910764739464,0.75,5/3000,519.2299999999996,-533.7299999999996,,
83,26,12,9,4,40,65,0.35,0.5641910764739464,0.75,5/3000,519.2299999999996,-533.7299999999996,,
84,26,12,9,4,40,70,0.05,0.7365205350438089,0.6666666666666666,4/3000,335.1000000000022,-23.340000000000146,,
85,26,12,9,4,40,70,0.1,0.7365205350438089,0.6666666666666666,4/3000,335.1000000000022,-23.340000000000146,,
86,26,12,9,4,40,70,0.15,0.7365205350438089,0.6666666666666666,4/3000,335.1000000000022,-23.340000000000146,,
87,26,12,9,4,40,70,0.2,0.7365205350438089,0.6666666666666666,4/3000,335.1000000000022,-23.340000000000146,,
88,26,12,9,4,40,70,0.3,0.7365205350438089,0.6666666666666666,4/3000,335.1000000000022,-23.340000000000146,,
89,26,12,9,4,40,70,0.35,0.7365205350438089,0.6666666666666666,4/3000,335.1000000000022,-23.340000000000146,,
90,26,12,9,4,40,75,0.05,1.2219594687725532,0.6666666666666666,4/3000,489.1700000000019,-23.340000000000146,,
91,26,12,9,4,40,75,0.1,1.2219594687725532,0.6666666666666666,4/3000,489.1700000000019,-23.340000000000146,,
92,26,12,9,4,40,75,0.15,1.2219594687725532,0.6666666666666666,4/3000,489.1700000000019,-23.340000000000146,,
93,26,12,9,4,40,75,0.2,1.2219594687725532,0.6666666666666666,4/3000,489.1700000000019,-23.340000000000146,,
94,26,12,9,4,40,75,0.3,1.2219594687725532,0.6666666666666666,4/3000,489.1700000000019,-23.340000000000146,,
95,26,12,9,4,40,75,0.35,1.2219594687725532,0.6666666666666666,4/3000,489.1700000000019,-23.340000000000146,,
96,26,12,9,8,25,60,0.05,0.00739744676234011,0.0,2/3000,-29.299999999999272,-29.299999999999272,,
97,26,12,9,8,25,60,0.1,0.00739744676234011,0.0,2/3000,-29.299999999999272,-29.299999999999272,,
98,26,12,9,8,25,60,0.15,0.00739744676234011,0.0,2/3000,-29.299999999999272,-29.299999999999272,,
99,26,12,9,8,25,60,0.2,0.00739744676234011,0.0,2/3000,-29.299999999999272,-29.299999999999272,,
100,26,12,9,8,25,60,0.3,0.00739744676234011,0.0,2/3000,-29.299999999999272,-29.299999999999272,,
101,26,12,9,8,25,60,0.35,0.00739744676234011,0.0,2/3000,-29.299999999999272,-29.299999999999272,,
102,26,12,9,8,25,65,0.05,0.7286139786755967,1.0,2/3000,412.2800000000025,412.2800000000025,,
103,26,12,9,8,25,65,0.1,0.7286139786755967,1.0,2/3000,412.2800000000025,412.2800000000025,,
104,26,12,9,8,25,65,0.15,0.7286139786755967,1.0,2/3000,412.2800000000025,412.2800000000025,,
105,26,12,9,8,25,65,0.2,0.7286139786755967,1.0,2/3000,412.2800000000025,412.2800000000025,,
106,26,12,9,8,25,65,0.3,0.7286139786755967,1.0,2/3000,412.2800000000025,412.2800000000025,,
107,26,12,9,8,25,65,0.35,0.7286139786755967,1.0,2/3000,412.2800000000025,412.2800000000025,,
108,26,12,9,8,25,70,0.05,1.6098448327590518,1.0,2/3000,465.34000000000015,465.34000000000015,,
109,26,12,9,8,25,70,0.1,1.6098448327590518,1.0,2/3000,465.34000000000015,465.34000000000015,,
110,26,12,9,8,25,70,0.15,1.6098448327590518,1.0,2/3000,465.34000000000015,465.34000000000015,,
111,26,12,9,8,25,70,0.2,1.6098448327590518,1.0,2/3000,465.34000000000015,465.34000000000015,,
112,26,12,9,8,25,70,0.3,1.6098448327590518,1.0,2/3000,465.34000000000015,465.34000000000015,,
113,26,12,9,8,25,70,0.35,1.6098448327590518,1.0,2/3000,465.34000000000015,465.34000000000015,,
114,26,12,9,8,25,75,0.05,1.854479926898506,1.0,2/3000,465.34000000000015,465.34000000000015,,
115,26,12,9,8,25,75,0.1,1.854479926898506,1.0,2/3000,465.34000000000015,465.34000000000015,,
116,26,12,9,8,25,75,0.15,1.854479926898506,1.0,2/3000,465.34000000000015,465.34000000000015,,
117,26,12,9,8,25,75,0.2,1.854479926898506,1.0,2/3000,465.34000000000015,465.34000000000015,,
118,26,12,9,8,25,75,0.3,1.854479926898506,1.0,2/3000,465.34000000000015,465.34000000000015,,
119,26,12,9,8,25,75,0.35,1.854479926898506,1.0,2/3000,465.34000000000015,465.34000000000015,,
120,26,12,9,8,30,60,0.05,0.5266639042446144,0.5,5/3000,519.3199999999997,-323.02999999999884,,
121,26,12,9,8,30,60,0.1,0.5266639042446144,0.5,5/3000,519.3199999999997,-323.02999999999884,,
122,26,12,9,8,30,60,0.15,0.5266639042446144,0.5,5/3000,519.3199999999997,-323.02999999999884,,
123,26,12,9,8,30,60,0.2,0.5266639042446144,0.5,5/3000,519.3199999999997,-323.02999999999884,,
124,26,12,9,8,30,60,0.3,0.5266639042446144,0.5,5/3000,519.3199999999997,-323.02999999999884,,
125,26,12,9,8,30,60,0.35,0.5266639042446144,0.5,5/3000,519.3199999999997,-323.02999999999884,,
126,26,12,9,8,30,65,0.05,1.4248632599446012,1.0,4/3000,412.2800000000025,159.0699999999997,,
127,26,12,9,8,30,65,0.1,1.4248632599446012,1.0,4/3000,412.2800000000025,159.0699999999997,,
128,26,12,9,8,30,65,0.15,1.4248632599446012,1.0,4/3000,412.2800000000025,159.0699999999997,,
129,26,12,9,8,30,65,0.2,1.4248632599446012,1.0,4/3000,412.2800000000025,159.0699999999997,,
130,26,12,9,8,30,65,0.3,1.4248632599446012,1.0,4/3000,412.2800000000025,159.0699999999997,,
131,26,12,9,8,30,65,0.35,1.4248632599446012,1.0,4/3000,412.2800000000025,159.0699999999997,,
132,26,12,9,8,30,70,0.05,2.7565866964310004,1.0,3/3000,465.34000000000015,421.7400000000016,,
133,26,12,9,8,30,70,0.1,2.7565866964310004,1.0,3/3000,465.34000000000015,421.7400000000016,,
134,26,12,9,8,30,70,0.15,2.7565866964310004,1.0,3/3000,465.34000000000015,421.7400000000016,,
135,26,12,9,8,30,70,0.2,2.7565866964310004,1.0,3/3000,465.34000000000015,421.7400000000016,,
136,26,12,9,8,30,70,0.3,2.7565866964310004,1.0,3/3000,465.34000000000015,421.7400000000016,,
137,26,12,9,8,30,70,0.35,2.7565866964310004,1.0,3/3000,465.34000000000015,421.7400000000016,,
138,26,12,9,8,30,75,0.05,2.4283128458588408,1.0,2/3000,465.34000000000015,421.7400000000016,,
139,26,12,9,8,30,75,0.1,2.4283128458588408,1.0,2/3000,465.34000000000015,421.7400000000016,,
140,26,12,9,8,30,75,0.15,2.4283128458588408,1.0,2/3000,465.34000000000015,421.7400000000016,,
141,26,12,9,8,30,75,0.2,2.4283128458588408,1.0,2/3000,465.34000000000015,421.7400000000016,,
142,26,12,9,8,30,75,0.3,2.4283128458588408,1.0,2/3000,465.34000000000015,421.7400000000016,,
143,26,12,9,8,30,75,0.35,2.4283128458588408,1.0,2/3000,465.34000000000015,421.7400000000016,,
144,26,12,9,8,35,60,0.05,-0.8202338319247673,0.5714285714285714,8/3000,519.3199999999997,-539.619999999999,,
145,26,12,9,8,35,60,0.1,-0.8202338319247673,0.5714285714285714,8/3000,519.3199999999997,-539.619999999999,,
146,26,12,9,8,35,60,0.15,-0.8202338319247673,0.5714285714285714,8/3000,519.3199999999997,-539.619999999999,,
147,26,12,9,8,35,60,0.2,-0.8202338319247673,0.5714285714285714,8/3000,519.3199999999997,-539.619999999999,,
148,26,12,9,8,35,60,0.3,-0.8202338319247673,0.5714285714285714,8/3000,519.3199999999997,-539.619999999999,,
149,26,12,9,8,35,60,0.35,-0.8202338319247673,0.5714285714285714,8/3000,519.3199999999997,-539.619999999999,,
150,26,12,9,8,35,65,0.05,-1.2448609079499136,0.4,6/3000,183.5099999999984,-363.6800000000003,,
151,26,12,9,8,35,65,0.1,-1.2448609079499136,0.4,6/3000,183.5099999999984,-363.6800000000003,,
152,26,12,9,8,35,65,0.15,-1.2448609079499136,0.4,6/3000,183.5099999999984,-363.6800000000003,,
153,26,12,9,8,35,65,0.2,-1.2448609079499136,0.4,6/3000,183.5099999999984,-363.6800000000003,,
154,26,12,9,8,35,65,0.3,-1.2448609079499136,0.4,6/3000,183.5099999999984,-363.6800000000003,,
155,26,12,9,8,35,65,0.35,-1.2448609079499136,0.4,6/3000,183.5099999999984,-363.6800000000003,,
156,26,12,9,8,35,70,0.05,1.0726737306529657,0.6666666666666666,4/3000,421.7400000000016,-23.340000000000146,,
157,26,12,9,8,35,70,0.1,1.0726737306529657,0.6666666666666666,4/3000,421.7400000000016,-23.340000000000146,,
158,26,12,9,8,35,70,0.15,1.0726737306529657,0.6666666666666666,4/3000,421.7400000000016,-23.340000000000146,,
159,26,12,9,8,35,70,0.2,1.0726737306529657,0.6666666666666666,4/3000,421.7400000000016,-23.340000000000146,,
160,26,12,9,8,35,70,0.3,1.0726737306529657,0.6666666666666666,4/3000,421.7400000000016,-23.340000000000146,,
161,26,12,9,8,35,70,0.35,1.0726737306529657,0.6666666666666666,4/3000,421.7400000000016,-23.340000000000146,,
162,26,12,9,8,35,75,0.05,0.4264078621908851,0.5,3/3000,240.08000000000175,-23.340000000000146,,
163,26,12,9,8,35,75,0.1,0.4264078621908851,0.5,3/3000,240.08000000000175,-23.340000000000146,,
164,26,12,9,8,35,75,0.15,0.4264078621908851,0.5,3/3000,240.08000000000175,-23.340000000000146,,
165,26,12,9,8,35,75,0.2,0.4264078621908851,0.5,3/3000,240.08000000000175,-23.340000000000146,,
166,26,12,9,8,35,75,0.3,0.4264078621908851,0.5,3/3000,240.08000000000175,-23.340000000000146,,
167,26,12,9,8,35,75,0.35,0.4264078621908851,0.5,3/3000,240.08000000000175,-23.340000000000146,,
168,26,12,9,8,40,60,0.05,-2.46970748150315,0.6363636363636364,12/3000,441.2000000000007,-539.619999999999,,
169,26,12,9,8,40,60,0.1,-2.46970748150315,0.6363636363636364,12/3000,441.2000000000007,-539.619999999999,,
170,26,12,9,8,40,60,0.15,-2.46970748150315,0.6363636363636364,12/3000,441.2000000000007,-539.619999999999,,
171,26,12,9,8,40,60,0.2,-2.46970748150315,0.6363636363636364,12/3000,441.2000000000007,-539.619999999999,,
172,26,12,9,8,40,60,0.3,-2.46970748150315,0.6363636363636364,12/3000,441.2000000000007,-539.619999999999,,
173,26,12,9,8,40,60,0.35,-2.46970748150315,0.6363636363636364,12/3000,441.2000000000007,-539.619999999999,,
174,26,12,9,8,40,65,0.05,-1.569753264325712,0.4,6/3000,183.5099999999984,-363.6800000000003,,
175,26,12,9,8,40,65,0.1,-1.569753264325712,0.4,6/3000,183.5099999999984,-363.6800000000003,,
176,26,12,9,8,40,65,0.15,-1.569753264325712,0.4,6/3000,183.5099999999984,-363.6800000000003,,
177,26,12,9,8,40,65,0.2,-1.569753264325712,0.4,6/3000,183.5099999999984,-363.6800000000003,,
178,26,12,9,8,40,65,0.3,-1.569753264325712,0.4,6/3000,183.5099999999984,-363.6800000000003,,
179,26,12,9,8,40,65,0.35,-1.569753264325712,0.4,6/3000,183.5099999999984,-363.6800000000003,,
180,26,12,9,8,40,70,0.05,1.0726737306529657,0.6666666666666666,4/3000,421.7400000000016,-23.340000000000146,,
181,26,12,9,8,40,70,0.1,1.0726737306529657,0.6666666666666666,4/3000,421.7400000000016,-23.340000000000146,,
182,26,12,9,8,40,70,0.15,1.0726737306529657,0.6666666666666666,4/3000,421.7400000000016,-23.340000000000146,,
183,26,12,9,8,40,70,0.2,1.0726737306529657,0.6666666666666666,4/3000,421.7400000000016,-23.340000000000146,,
184,26,12,9,8,40,70,0.3,1.0726737306529657,0.6666666666666666,4/3000,421.7400000000016,-23.340000000000146,,
185,26,12,9,8,40,70,0.35,1.0726737306529657,0.6666666666666666,4/3000,421.7400000000016,-23.340000000000146,,
186,26,12,9,8,40,75,0.05,0.4264078621908851,0.5,3/3000,240.08000000000175,-23.340000000000146,,
187,26,12,9,8,40,75,0.1,0.4264078621908851,0.5,3/3000,240.08000000000175,-23.340000000000146,,
188,26,12,9,8,40,75,0.15,0.4264078621908851,0.5,3/3000,240.08000000000175,-23.340000000000146,,
189,26,12,9,8,40,75,0.2,0.4264078621908851,0.5,3/3000,240.08000000000175,-23.340000000000146,,
190,26,12,9,8,40,75,0.3,0.4264078621908851,0.5,3/3000,240.08000000000175,-23.340000000000146,,
191,26,12,9,8,40,75,0.35,0.4264078621908851,0.5,3/3000,240.08000000000175,-23.340000000000146,,
192,26,12,9,14,25,60,0.05,-0.37225150453511446,,1/3000,,,,
193,26,12,9,14,25,60,0.1,-0.37225150453511446,,1/3000,,,,
194,26,12,9,14,25,60,0.15,-0.37225150453511446,,1/3000,,,,
195,26,12,9,14,25,60,0.2,-0.37225150453511446,,1/3000,,,,
196,26,12,9,14,25,60,0.3,-0.37225150453511446,,1/3000,,,,
197,26,12,9,14,25,60,0.35,-0.37225150453511446,,1/3000,,,,
198,26,12,9,14,25,65,0.05,0.33276342939214487,,1/3000,,,,
199,26,12,9,14,25,65,0.1,0.33276342939214487,,1/3000,,,,
200,26,12,9,14,25,65,0.15,0.33276342939214487,,1/3000,,,,
201,26,12,9,14,25,65,0.2,0.33276342939214487,,1/3000,,,,
202,26,12,9,14,25,65,0.3,0.33276342939214487,,1/3000,,,,
203,26,12,9,14,25,65,0.35,0.33276342939214487,,1/3000,,,,
204,26,12,9,14,25,70,0.05,0.5743112753975481,,1/3000,,,,
205,26,12,9,14,25,70,0.1,0.5743112753975481,,1/3000,,,,
206,26,12,9,14,25,70,0.15,0.5743112753975481,,1/3000,,,,
207,26,12,9,14,25,70,0.2,0.5743112753975481,,1/3000,,,,
208,26,12,9,14,25,70,0.3,0.5743112753975481,,1/3000,,,,
209,26,12,9,14,25,70,0.35,0.5743112753975481,,1/3000,,,,
210,26,12,9,14,25,75,0.05,0.40447368107180637,,1/3000,,,,
211,26,12,9,14,25,75,0.1,0.40447368107180637,,1/3000,,,,
212,26,12,9,14,25,75,0.15,0.40447368107180637,,1/3000,,,,
213,26,12,9,14,25,75,0.2,0.40447368107180637,,1/3000,,,,
214,26,12,9,14,25,75,0.3,0.40447368107180637,,1/3000,,,,
215,26,12,9,14,25,75,0.35,0.40447368107180637,,1/3000,,,,
216,26,12,9,14,30,60,0.05,-0.3632664675563859,0.5,3/3000,159.0699999999997,-29.299999999999272,,
217,26,12,9,14,30,60,0.1,-0.3632664675563859,0.5,3/3000,159.0699999999997,-29.299999999999272,,
218,26,12,9,14,30,60,0.15,-0.3632664675563859,0.5,3/3000,159.0699999999997,-29.299999999999272,,
219,26,12,9,14,30,60,0.2,-0.3632664675563859,0.5,3/3000,159.0699999999997,-29.299999999999272,,
220,26,12,9,14,30,60,0.3,-0.3632664675563859,0.5,3/3000,159.0699999999997,-29.299999999999272,,
221,26,12,9,14,30,60,0.35,-0.3632664675563859,0.5,3/3000,159.0699999999997,-29.299999999999272,,
222,26,12,9,14,30,65,0.05,2.0341765285578504,1.0,3/3000,412.2800000000025,248.85000000000218,,
223,26,12,9,14,30,65,0.1,2.0341765285578504,1.0,3/3000,412.2800000000025,248.85000000000218,,
224,26,12,9,14,30,65,0.15,2.0341765285578504,1.0,3/3000,412.2800000000025,248.85000000000218,,
225,26,12,9,14,30,65,0.2,2.0341765285578504,1.0,3/3000,412.2800000000025,248.85000000000218,,
226,26,12,9,14,30,65,0.3,2.0341765285578504,1.0,3/3000,412.2800000000025,248.85000000000218,,
227,26,12,9,14,30,65,0.35,2.0341765285578504,1.0,3/3000,412.2800000000025,248.85000000000218,,
228,26,12,9,14,30,70,0.05,2.258557693237279,1.0,2/3000,421.7400000000016,412.2800000000025,,
229,26,12,9,14,30,70,0.1,2.258557693237279,1.0,2/3000,421.7400000000016,412.2800000000025,,
230,26,12,9,14,30,70,0.15,2.258557693237279,1.0,2/3000,421.7400000000016,412.2800000000025,,
231,26,12,9,14,30,70,0.2,2.258557693237279,1.0,2/3000,421.7400000000016,412.2800000000025,,
232,26,12,9,14,30,70,0.3,2.258557693237279,1.0,2/3000,421.7400000000016,412.2800000000025,,
233,26,12,9,14,30,70,0.35,2.258557693237279,1.0,2/3000,421.7400000000016,412.2800000000025,,
234,26,12,9,14,30,75,0.05,0.799854205605115,1.0,1/3000,313.40999999999985,313.40999999999985,,
235,26,12,9,14,30,75,0.1,0.799854205605115,1.0,1/3000,313.40999999999985,313.40999999999985,,
236,26,12,9,14,30,75,0.15,0.799854205605115,1.0,1/3000,313.40999999999985,313.40999999999985,,
237,26,12,9,14,30,75,0.2,0.799854205605115,1.0,1/3000,313.40999999999985,313.40999999999985,,
238,26,12,9,14,30,75,0.3,0.799854205605115,1.0,1/3000,313.40999999999985,313.40999999999985,,
239,26,12,9,14,30,75,0.35,0.799854205605115,1.0,1/3000,313.40999999999985,313.40999999999985,,
240,26,12,9,14,35,60,0.05,1.1193776463076404,0.5,6/3000,519.3199999999997,-147.22999999999956,,
241,26,12,9,14,35,60,0.1,1.1193776463076404,0.5,6/3000,519.3199999999997,-147.22999999999956,,
242,26,12,9,14,35,60,0.15,1.1193776463076404,0.5,6/3000,519.3199999999997,-147.22999999999956,,
243,26,12,9,14,35,60,0.2,1.1193776463076404,0.5,6/3000,519.3199999999997,-147.22999999999956,,
244,26,12,9,14,35,60,0.3,1.1193776463076404,0.5,6/3000,519.3199999999997,-147.22999999999956,,
245,26,12,9,14,35,60,0.35,1.1193776463076404,0.5,6/3000,519.3199999999997,-147.22999999999956,,
246,26,12,9,14,35,65,0.05,3.154165723530312,1.0,5/3000,412.2800000000025,187.36000000000058,,
247,26,12,9,14,35,65,0.1,3.154165723530312,1.0,5/3000,412.2800000000025,187.36000000000058,,
248,26,12,9,14,35,65,0.15,3.154165723530312,1.0,5/3000,412.2800000000025,187.36000000000058,,
249,26,12,9,14,35,65,0.2,3.154165723530312,1.0,5/3000,412.2800000000025,187.36000000000058,,
250,26,12,9,14,35,65,0.3,3.154165723530312,1.0,5/3000,412.2800000000025,187.36000000000058,,
251,26,12,9,14,35,65,0.35,3.154165723530312,1.0,5/3000,412.2800000000025,187.36000000000058,,
252,26,12,9,14,35,70,0.05,3.3810198486917784,1.0,4/3000,421.7400000000016,187.36000000000058,,
253,26,12,9,14,35,70,0.1,3.3810198486917784,1.0,4/3000,421.7400000000016,187.36000000000058,,
254,26,12,9,14,35,70,0.15,3.3810198486917784,1.0,4/3000,421.7400000000016,187.36000000000058,,
255,26,12,9,14,35,70,0.2,3.3810198486917784,1.0,4/3000,421.7400000000016,187.36000000000058,,
256,26,12,9,14,35,70,0.3,3.3810198486917784,1.0,4/3000,421.7400000000016,187.36000000000058,,
257,26,12,9,14,35,70,0.35,3.3810198486917784,1.0,4/3000,421.7400000000016,187.36000000000058,,
258,26,12,9,14,35,75,0.05,1.5119816670800788,1.0,2/3000,313.40999999999985,313.40999999999985,,
259,26,12,9,14,35,75,0.1,1.5119816670800788,1.0,2/3000,313.40999999999985,313.40999999999985,,
260,26,12,9,14,35,75,0.15,1.5119816670800788,1.0,2/3000,313.40999999999985,313.40999999999985,,
261,26,12,9,14,35,75,0.2,1.5119816670800788,1.0,2/3000,313.40999999999985,313.40999999999985,,
262,26,12,9,14,35,75,0.3,1.5119816670800788,1.0,2/3000,313.40999999999985,313.40999999999985,,
263,26,12,9,14,35,75,0.35,1.5119816670800788,1.0,2/3000,313.40999999999985,313.40999999999985,,
264,26,12,9,14,40,60,0.05,-1.0887766168853972,0.42857142857142855,8/3000,519.3199999999997,-363.8199999999997,,
265,26,12,9,14,40,60,0.1,-1.0887766168853972,0.42857142857142855,8/3000,519.3199999999997,-363.8199999999997,,
266,26,12,9,14,40,60,0.15,-1.0887766168853972,0.42857142857142855,8/3000,519.3199999999997,-363.8199999999997,,
267,26,12,9,14,40,60,0.2,-1.0887766168853972,0.42857142857142855,8/3000,519.3199999999997,-363.8199999999997,,
268,26,12,9,14,40,60,0.3,-1.0887766168853972,0.42857142857142855,8/3000,519.3199999999997,-363.8199999999997,,
269,26,12,9,14,40,60,0.35,-1.0887766168853972,0.42857142857142855,8/3000,519.3199999999997,-363.8199999999997,,
270,26,12,9,14,40,65,0.05,0.9296106212194246,0.5,5/3000,248.85000000000218,-76.39999999999782,,
271,26,12,9,14,40,65,0.1,0.9296106212194246,0.5,5/3000,248.85000000000218,-76.39999999999782,,
272,26,12,9,14,40,65,0.15,0.9296106212194246,0.5,5/3000,248.85000000000218,-76.39999999999782,,
273,26,12,9,14,40,65,0.2,0.9296106212194246,0.5,5/3000,248.85000000000218,-76.39999999999782,,
274,26,12,9,14,40,65,0.3,0.9296106212194246,0.5,5/3000,248.85000000000218,-76.39999999999782,,
275,26,12,9,14,40,65,0.35,0.9296106212194246,0.5,5/3000,248.85000000000218,-76.39999999999782,,
276,26,12,9,14,40,70,0.05,0.8268647049533655,0.3333333333333333,4/3000,240.08000000000175,-76.39999999999782,,
277,26,12,9,14,40,70,0.1,0.8268647049533655,0.3333333333333333,4/3000,240.08000000000175,-76.39999999999782,,
278,26,12,9,14,40,70,0.15,0.8268647049533655,0.3333333333333333,4/3000,240.08000000000175,-76.39999999999782,,
279,26,12,9,14,40,70,0.2,0.8268647049533655,0.3333333333333333,4/3000,240.08000000000175,-76.39999999999782,,
280,26,12,9,14,40,70,0.3,0.8268647049533655,0.3333333333333333,4/3000,240.08000000000175,-76.39999999999782,,
281,26,12,9,14,40,70,0.35,0.8268647049533655,0.3333333333333333,4/3000,240.08000000000175,-76.39999999999782,,
282,26,12,9,14,40,75,0.05,1.221639814316788,1.0,2/3000,131.75,131.75,,
283,26,12,9,14,40,75,0.1,1.221639814316788,1.0,2/3000,131.75,131.75,,
284,26,12,9,14,40,75,0.15,1.221639814316788,1.0,2/3000,131.75,131.75,,
285,26,12,9,14,40,75,0.2,1.221639814316788,1.0,2/3000,131.75,131.75,,
286,26,12,9,14,40,75,0.3,1.221639814316788,1.0,2/3000,131.75,131.75,,
287,26,12,9,14,40,75,0.35,1.221639814316788,1.0,2/3000,131.75,131.75,,
288,26,12,9,24,25,60,0.05,0.33276342939214487,,1/3000,,,,
289,26,12,9,24,25,60,0.1,0.33276342939214487,,1/3000,,,,
290,26,12,9,24,25,60,0.15,0.33276342939214487,,1/3000,,,,
291,26,12,9,24,25,60,0.2,0.33276342939214487,,1/3000,,,,
292,26,12,9,24,25,60,0.3,0.33276342939214487,,1/3000,,,,
293,26,12,9,24,25,60,0.35,0.33276342939214487,,1/3000,,,,
294,26,12,9,24,25,65,0.05,0.5743112753975481,,1/3000,,,,
295,26,12,9,24,25,65,0.1,0.5743112753975481,,1/3000,,,,
296,26,12,9,24,25,65,0.15,0.5743112753975481,,1/3000,,,,
297,26,12,9,24,25,65,0.2,0.5743112753975481,,1/3000,,,,
298,26,12,9,24,25,65,0.3,0.5743112753975481,,1/3000,,,,
299,26,12,9,24,25,65,0.35,0.5743112753975481,,1/3000,,,,
300,26,12,9,24,25,70,0.05,0.40447368107180637,,1/3000,,,,
301,26,12,9,24,25,70,0.1,0.40447368107180637,,1/3000,,,,
302,26,12,9,24,25,70,0.15,0.40447368107180637,,1/3000,,,,
303,26,12,9,24,25,70,0.2,0.40447368107180637,,1/3000,,,,
304,26,12,9,24,25,70,0.3,0.40447368107180637,,1/3000,,,,
305,26,12,9,24,25,70,0.35,0.40447368107180637,,1/3000,,,,
306,26,12,9,24,25,75,0.05,0.40447368107180637,,1/3000,,,,
307,26,12,9,24,25,75,0.1,0.40447368107180637,,1/3000,,,,
308,26,12,9,24,25,75,0.15,0.40447368107180637,,1/3000,,,,
309,26,12,9,24,25,75,0.2,0.40447368107180637,,1/3000,,,,
310,26,12,9,24,25,75,0.3,0.40447368107180637,,1/3000,,,,
311,26,12,9,24,25,75,0.35,0.40447368107180637,,1/3000,,,,
312,26,12,9,24,30,60,0.05,0.33276342939214487,,1/3000,,,,
313,26,12,9,24,30,60,0.1,0.33276342939214487,,1/3000,,,,
314,26,12,9,24,30,60,0.15,0.33276342939214487,,1/3000,,,,
315,26,12,9,24,30,60,0.2,0.33276342939214487,,1/3000,,,,
316,26,12,9,24,30,60,0.3,0.33276342939214487,,1/3000,,,,
317,26,12,9,24,30,60,0.35,0.33276342939214487,,1/3000,,,,
318,26,12,9,24,30,65,0.05,0.5743112753975481,,1/3000,,,,
319,26,12,9,24,30,65,0.1,0.5743112753975481,,1/3000,,,,
320,26,12,9,24,30,65,0.15,0.5743112753975481,,1/3000,,,,
321,26,12,9,24,30,65,0.2,0.5743112753975481,,1/3000,,,,
322,26,12,9,24,30,65,0.3,0.5743112753975481,,1/3000,,,,
323,26,12,9,24,30,65,0.35,0.5743112753975481,,1/3000,,,,
324,26,12,9,24,30,70,0.05,0.40447368107180637,,1/3000,,,,
325,26,12,9,24,30,70,0.1,0.40447368107180637,,1/3000,,,,
326,26,12,9,24,30,70,0.15,0.40447368107180637,,1/3000,,,,
327,26,12,9,24,30,70,0.2,0.40447368107180637,,1/3000,,,,
328,26,12,9,24,30,70,0.3,0.40447368107180637,,1/3000,,,,
329,26,12,9,24,30,70,0.35,0.40447368107180637,,1/3000,,,,
330,26,12,9,24,30,75,0.05,0.40447368107180637,,1/3000,,,,
331,26,12,9,24,30,75,0.1,0.40447368107180637,,1/3000,,,,
332,26,12,9,24,30,75,0.15,0.40447368107180637,,1/3000,,,,
333,26,12,9,24,30,75,0.2,0.40447368107180637,,1/3000,,,,
334,26,12,9,24,30,75,0.3,0.40447368107180637,,1/3000,,,,
335,26,12,9,24,30,75,0.35,0.40447368107180637,,1/3000,,,,
336,26,12,9,24,35,60,0.05,2.7468407625816127,0.6666666666666666,5/3000,519.3199999999997,-29.299999999999272,,
337,26,12,9,24,35,60,0.1,2.7468407625816127,0.6666666666666666,5/3000,519.3199999999997,-29.299999999999272,,
338,26,12,9,24,35,60,0.15,2.7468407625816127,0.6666666666666666,5/3000,519.3199999999997,-29.299999999999272,,
339,26,12,9,24,35,60,0.2,2.7468407625816127,0.6666666666666666,5/3000,519.3199999999997,-29.299999999999272,,
340,26,12,9,24,35,60,0.3,2.7468407625816127,0.6666666666666666,5/3000,519.3199999999997,-29.299999999999272,,
341,26,12,9,24,35,60,0.35,2.7468407625816127,0.6666666666666666,5/3000,519.3199999999997,-29.299999999999272,,
342,26,12,9,24,35,65,0.05,4.470727073556148,1.0,4/3000,519.3199999999997,412.2800000000025,,
343,26,12,9,24,35,65,0.1,4.470727073556148,1.0,4/3000,519.3199999999997,412.2800000000025,,
344,26,12,9,24,35,65,0.15,4.470727073556148,1.0,4/3000,519.3199999999997,412.2800000000025,,
345,26,12,9,24,35,65,0.2,4.470727073556148,1.0,4/3000,519.3199999999997,412.2800000000025,,
346,26,12,9,24,35,65,0.3,4.470727073556148,1.0,4/3000,519.3199999999997,412.2800000000025,,
347,26,12,9,24,35,65,0.35,4.470727073556148,1.0,4/3000,519.3199999999997,412.2800000000025,,
348,26,12,9,24,35,70,0.05,1.5119816670800788,1.0,2/3000,313.40999999999985,313.40999999999985,,
349,26,12,9,24,35,70,0.1,1.5119816670800788,1.0,2/3000,313.40999999999985,313.40999999999985,,
350,26,12,9,24,35,70,0.15,1.5119816670800788,1.0,2/3000,313.40999999999985,313.40999999999985,,
351,26,12,9,24,35,70,0.2,1.5119816670800788,1.0,2/3000,313.40999999999985,313.40999999999985,,
352,26,12,9,24,35,70,0.3,1.5119816670800788,1.0,2/3000,313.40999999999985,313.40999999999985,,
353,26,12,9,24,35,70,0.35,1.5119816670800788,1.0,2/3000,313.40999999999985,313.40999999999985,,
354,26,12,9,24,35,75,0.05,1.5119816670800788,1.0,2/3000,313.40999999999985,313.40999999999985,,
355,26,12,9,24,35,75,0.1,1.5119816670800788,1.0,2/3000,313.40999999999985,313.40999999999985,,
356,26,12,9,24,35,75,0.15,1.5119816670800788,1.0,2/3000,313.40999999999985,313.40999999999985,,
357,26,12,9,24,35,75,0.2,1.5119816670800788,1.0,2/3000,313.40999999999985,313.40999999999985,,
358,26,12,9,24,35,75,0.3,1.5119816670800788,1.0,2/3000,313.40999999999985,313.40999999999985,,
359,26,12,9,24,35,75,0.35,1.5119816670800788,1.0,2/3000,313.40999999999985,313.40999999999985,,
360,26,12,9,24,40,60,0.05,2.6456420402441836,0.6666666666666666,7/3000,519.3199999999997,-275.3899999999994,,
361,26,12,9,24,40,60,0.1,2.6456420402441836,0.6666666666666666,7/3000,519.3199999999997,-275.3899999999994,,
362,26,12,9,24,40,60,0.15,2.6456420402441836,0.6666666666666666,7/3000,519.3199999999997,-275.3899999999994,,
363,26,12,9,24,40,60,0.2,2.6456420402441836,0.6666666666666666,7/3000,519.3199999999997,-275.3899999999994,,
364,26,12,9,24,40,60,0.3,2.6456420402441836,0.6666666666666666,7/3000,519.3199999999997,-275.3899999999994,,
365,26,12,9,24,40,60,0.35,2.6456420402441836,0.6666666666666666,7/3000,519.3199999999997,-275.3899999999994,,
366,26,12,9,24,40,65,0.05,2.970043663035952,1.0,4/3000,659.5200000000004,166.19000000000233,,
367,26,12,9,24,40,65,0.1,2.970043663035952,1.0,4/3000,659.5200000000004,166.19000000000233,,
368,26,12,9,24,40,65,0.15,2.970043663035952,1.0,4/3000,659.5200000000004,166.19000000000233,,
369,26,12,9,24,40,65,0.2,2.970043663035952,1.0,4/3000,659.5200000000004,166.19000000000233,,
370,26,12,9,24,40,65,0.3,2.970043663035952,1.0,4/3000,659.5200000000004,166.19000000000233,,
371,26,12,9,24,40,65,0.35,2.970043663035952,1.0,4/3000,659.5200000000004,166.19000000000233,,
372,26,12,9,24,40,70,0.05,1.897105448529544,1.0,2/3000,551.1899999999987,551.1899999999987,,
373,26,12,9,24,40,70,0.1,1.897105448529544,1.0,2/3000,551.1899999999987,551.1899999999987,,
374,26,12,9,24,40,70,0.15,1.897105448529544,1.0,2/3000,551.1899999999987,551.1899999999987,,
375,26,12,9,24,40,70,0.2,1.897105448529544,1.0,2/3000,551.1899999999987,551.1899999999987,,
376,26,12,9,24,40,70,0.3,1.897105448529544,1.0,2/3000,551.1899999999987,551.1899999999987,,
377,26,12,9,24,40,70,0.35,1.897105448529544,1.0,2/3000,551.1899999999987,551.1899999999987,,
378,26,12,9,24,40,75,0.05,1.897105448529544,1.0,2/3000,551.1899999999987,551.1899999999987,,
379,26,12,9,24,40,75,0.1,1.897105448529544,1.0,2/3000,551.1899999999987,551.1899999999987,,
380,26,12,9,24,40,75,0.15,1.897105448529544,1.0,2/3000,551.1899999999987,551.1899999999987,,
381,26,12,9,24,40,75,0.2,1.897105448529544,1.0,2/3000,551.1899999999987,551.1899999999987,,
382,26,12,9,24,40,75,0.3,1.897105448529544,1.0,2/3000,551.1899999999987,551.1899999999987,,
383,26,12,9,24,40,75,0.35,1.897105448529544,1.0,2/3000,551.1899999999987,551.1899999999987,,
