,rsi_len,rsi_lb,rsi_ub,stop_loss,score,win_rate,trade_freq,best_trade_buy,best_trade_win,best_trade_sell,best_trade_diff,worst_trade_buy,worst_trade_win,worst_trade_sell,worst_trade_diff
0,4,25,60,0.05,-1.7018881826133736,0.0,3/3000,31457.42,False,29884.548999999995,-1572.8710000000028,35327.24,False,33560.878,-1766.362000000001
1,4,25,60,0.1,8.36598347088615,0.5,3/3000,31457.42,True,32311.17,853.75,35327.24,False,34577.99,-749.25
2,4,25,60,0.15,8.36598347088615,0.5,3/3000,31457.42,True,32311.17,853.75,35327.24,False,34577.99,-749.25
3,4,25,60,0.2,8.36598347088615,0.5,3/3000,31457.42,True,32311.17,853.75,35327.24,False,34577.99,-749.25
4,4,25,60,0.3,8.36598347088615,0.5,3/3000,31457.42,True,32311.17,853.75,35327.24,False,34577.99,-749.25
5,4,25,60,0.35,8.36598347088615,0.5,3/3000,31457.42,True,32311.17,853.75,35327.24,False,34577.99,-749.25
6,4,25,65,0.05,-4.643259930261479,0.0,2/3000,31457.42,False,29884.548999999995,-1572.8710000000028,35327.24,False,33560.878,-1766.362000000001
7,4,25,65,0.1,12.038822441676217,0.5,2/3000,31457.42,True,34671.53,3214.1100000000006,35327.24,False,34577.99,-749.25
8,4,25,65,0.15,12.038822441676217,0.5,2/3000,31457.42,True,34671.53,3214.1100000000006,35327.24,False,34577.99,-749.25
9,4,25,65,0.2,12.038822441676217,0.5,2/3000,31457.42,True,34671.53,3214.1100000000006,35327.24,False,34577.99,-749.25
10,4,25,65,0.3,12.038822441676217,0.5,2/3000,31457.42,True,34671.53,3214.1100000000006,35327.24,False,34577.99,-749.25
11,4,25,65,0.35,12.038822441676217,0.5,2/3000,31457.42,True,34671.53,3214.1100000000006,35327.24,False,34577.99,-749.25
12,4,25,70,0.05,-4.643259930261479,0.0,2/3000,31457.42,False,29884.548999999995,-1572.8710000000028,35327.24,False,33560.878,-1766.362000000001
13,4,25,70,0.1,3.821479520687305,0.5,2/3000,31457.42,True,34671.53,3214.1100000000006,35327.24,False,31794.516,-3532.7239999999983
14,4,25,70,0.15,-9.449947864803718,0.0,1/3000,35327.24,False,30028.154,-5299.085999999999,35327.24,False,30028.154,-5299.085999999999
15,4,25,70,0.2,3.0123237356172012,0.0,1/3000,35327.24,False,34671.53,-655.7099999999991,35327.24,False,34671.53,-655.7099999999991
16,4,25,70,0.3,3.0123237356172012,0.0,1/3000,35327.24,False,34671.53,-655.7099999999991,35327.24,False,34671.53,-655.7099999999991
17,4,25,70,0.35,3.0123237356172012,0.0,1/3000,35327.24,False,34671.53,-655.7099999999991,35327.24,False,34671.53,-655.7099999999991
18,4,25,75,0.05,-4.643259930261479,0.0,2/3000,31457.42,False,29884.548999999995,-1572.8710000000028,35327.24,False,33560.878,-1766.362000000001
19,4,25,75,0.1,6.229821898591624,0.5,2/3000,31457.42,True,35561.13,4103.709999999999,35327.24,False,31794.516,-3532.7239999999983
20,4,25,75,0.15,-9.449947864803718,0.0,1/3000,35327.24,False,30028.154,-5299.085999999999,35327.24,False,30028.154,-5299.085999999999
21,4,25,75,0.2,5.39990484378815,1.0,1/3000,35327.24,True,35561.13,233.88999999999942,35327.24,True,35561.13,233.88999999999942
22,4,25,75,0.3,5.39990484378815,1.0,1/3000,35327.24,True,35561.13,233.88999999999942,35327.24,True,35561.13,233.88999999999942
23,4,25,75,0.35,5.39990484378815,1.0,1/3000,35327.24,True,35561.13,233.88999999999942,35327.24,True,35561.13,233.88999999999942
24,4,30,60,0.05,-9.20951414164773,0.3333333333333333,7/3000,31399.99,True,31862.1,462.10999999999694,36418.76,False,34597.822,-1820.938000000002
25,4,30,60,0.1,2.9519606816840422,0.5,7/3000,31457.42,True,32311.17,853.75,36418.76,False,34577.99,-1840.770000000004
26,4,30,60,0.15,2.9519606816840422,0.5,7/3000,31457.42,True,32311.17,853.75,36418.76,False,34577.99,-1840.770000000004
27,4,30,60,0.2,2.9519606816840422,0.5,7/3000,31457.42,True,32311.17,853.75,36418.76,False,34577.99,-1840.770000000004
28,4,30,60,0.3,2.9519606816840422,0.5,7/3000,31457.42,True,32311.17,853.75,36418.76,False,34577.99,-1840.770000000004
29,4,30,60,0.35,2.9519606816840422,0.5,7/3000,31457.42,True,32311.17,853.75,36418.76,False,34577.99,-1840.770000000004
30,4,30,65,0.05,-14.461890278051968,0.16666666666666666,6/3000,31399.99,True,32201.82,801.8299999999981,36418.76,False,34597.822,-1820.938000000002
31,4,30,65,0.1,2.515673862152667,0.2,5/3000,31457.42,True,34671.53,3214.1100000000006,36418.76,False,34577.99,-1840.770000000004
32,4,30,65,0.15,2.515673862152667,0.2,5/3000,31457.42,True,34671.53,3214.1100000000006,36418.76,False,34577.99,-1840.770000000004
33,4,30,65,0.2,2.515673862152667,0.2,5/3000,31457.42,True,34671.53,3214.1100000000006,36418.76,False,34577.99,-1840.770000000004
34,4,30,65,0.3,2.515673862152667,0.2,5/3000,31457.42,True,34671.53,3214.1100000000006,36418.76,False,34577.99,-1840.770000000004
35,4,30,65,0.35,2.515673862152667,0.2,5/3000,31457.42,True,34671.53,3214.1100000000006,36418.76,False,34577.99,-1840.770000000004
36,4,30,70,0.05,-16.120696725316094,0.0,6/3000,31457.42,False,29884.548999999995,-1572.8710000000028,36418.76,False,34597.822,-1820.938000000002
37,4,30,70,0.1,-4.231099765222538,0.25,5/3000,31457.42,True,34671.53,3214.1100000000006,36418.76,False,32776.884000000005,-3641.8759999999966
38,4,30,70,0.15,-16.363966462782187,0.0,4/3000,34820.0,False,34590.02,-229.9800000000032,36418.76,False,30955.946,-5462.814000000002
39,4,30,70,0.2,-20.697966030260417,0.0,4/3000,34820.0,False,34590.02,-229.9800000000032,36418.76,False,29135.008,-7283.752
40,4,30,70,0.3,-7.5205355228331285,0.0,4/3000,34820.0,False,34590.02,-229.9800000000032,36418.76,False,34671.53,-1747.2300000000032
41,4,30,70,0.35,-7.5205355228331285,0.0,4/3000,34820.0,False,34590.02,-229.9800000000032,36418.76,False,34671.53,-1747.2300000000032
42,4,30,75,0.05,-16.120696725316094,0.0,6/3000,31457.42,False,29884.548999999995,-1572.8710000000028,36418.76,False,34597.822,-1820.938000000002
43,4,30,75,0.1,-1.266735607490645,0.3333333333333333,4/3000,31457.42,True,35561.13,4103.709999999999,36418.76,False,32776.884000000005,-3641.8759999999966
44,4,30,75,0.15,-14.295467067882882,0.3333333333333333,4/3000,34820.0,True,35561.13,741.1299999999974,36418.76,False,30955.946,-5462.814000000002
45,4,30,75,0.2,-18.751143070355184,0.3333333333333333,4/3000,34820.0,True,35561.13,741.1299999999974,36418.76,False,29135.008,-7283.752
46,4,30,75,0.3,-4.6698059975182105,0.0,3/3000,36418.76,False,35561.13,-857.6300000000047,34480.52,False,33570.61,-909.9099999999962
47,4,30,75,0.35,-4.6698059975182105,0.0,3/3000,36418.76,False,35561.13,-857.6300000000047,34480.52,False,33570.61,-909.9099999999962
48,4,35,60,0.05,1.780345959291111,0.6,11/3000,29458.45,True,32311.17,2852.7199999999975,36418.76,False,34597.822,-1820.938000000002
49,4,35,60,0.1,2.548596265269964,0.5714285714285714,8/3000,31457.42,True,32311.17,853.75,36418.76,False,34577.99,-1840.770000000004
50,4,35,60,0.15,2.548596265269964,0.5714285714285714,8/3000,31457.42,True,32311.17,853.75,36418.76,False,34577.99,-1840.770000000004
51,4,35,60,0.2,2.548596265269964,0.5714285714285714,8/3000,31457.42,True,32311.17,853.75,36418.76,False,34577.99,-1840.770000000004
52,4,35,60,0.3,2.548596265269964,0.5714285714285714,8/3000,31457.42,True,32311.17,853.75,36418.76,False,34577.99,-1840.770000000004
53,4,35,60,0.35,2.548596265269964,0.5714285714285714,8/3000,31457.42,True,32311.17,853.75,36418.76,False,34577.99,-1840.770000000004
54,4,35,65,0.05,-0.478280923989729,0.375,8/3000,29458.45,True,34671.53,5213.079999999998,36418.76,False,34597.822,-1820.938000000002
55,4,35,65,0.1,2.515673862152667,0.2,5/3000,31457.42,True,34671.53,3214.1100000000006,36418.76,False,34577.99,-1840.770000000004
56,4,35,65,0.15,2.515673862152667,0.2,5/3000,31457.42,True,34671.53,3214.1100000000006,36418.76,False,34577.99,-1840.770000000004
57,4,35,65,0.2,2.515673862152667,0.2,5/3000,31457.42,True,34671.53,3214.1100000000006,36418.76,False,34577.99,-1840.770000000004
58,4,35,65,0.3,2.515673862152667,0.2,5/3000,31457.42,True,34671.53,3214.1100000000006,36418.76,False,34577.99,-1840.770000000004
59,4,35,65,0.35,2.515673862152667,0.2,5/3000,31457.42,True,34671.53,3214.1100000000006,36418.76,False,34577.99,-1840.770000000004
60,4,35,70,0.05,-9.08633841735103,0.14285714285714285,8/3000,29458.45,True,34671.53,5213.079999999998,36418.76,False,34597.822,-1820.938000000002
61,4,35,70,0.1,-4.231099765222538,0.25,5/3000,31457.42,True,34671.53,3214.1100000000006,36418.76,False,32776.884000000005,-3641.8759999999966
62,4,35,70,0.15,-3.498972989845825,0.25,5/3000,29458.45,True,34671.53,5213.079999999998,36418.76,False,30955.946,-5462.814000000002
63,4,35,70,0.2,-8.589736879261451,0.25,5/3000,29458.45,True,34671.53,5213.079999999998,36418.76,False,29135.008,-7283.752
64,4,35,70,0.3,-7.5205355228331285,0.0,4/3000,34820.0,False,34590.02,-229.9800000000032,36418.76,False,34671.53,-1747.2300000000032
65,4,35,70,0.35,-7.5205355228331285,0.0,4/3000,34820.0,False,34590.02,-229.9800000000032,36418.76,False,34671.53,-1747.2300000000032
66,4,35,75,0.05,-2.463969586908746,0.16666666666666666,7/3000,29458.45,True,35561.13,6102.679999999997,36418.76,False,34597.822,-1820.938000000002
67,4,35,75,0.1,-1.266735607490645,0.3333333333333333,4/3000,31457.42,True,35561.13,4103.709999999999,36418.76,False,32776.884000000005,-3641.8759999999966
68,4,35,75,0.15,-0.509317273581388,0.3333333333333333,4/3000,29458.45,True,35561.13,6102.679999999997,36418.76,False,30955.946,-5462.814000000002
69,4,35,75,0.2,-5.775943263953778,0.3333333333333333,4/3000,29458.45,True,35561.13,6102.679999999997,36418.76,False,29135.008,-7283.752
70,4,35,75,0.3,-4.6698059975182105,0.0,3/3000,36418.76,False,35561.13,-857.6300000000047,34480.52,False,33570.61,-909.9099999999962
71,4,35,75,0.35,-4.6698059975182105,0.0,3/3000,36418.76,False,35561.13,-857.6300000000047,34480.52,False,33570.61,-909.9099999999962
72,4,40,60,0.05,1.0714217957062004,0.5833333333333334,13/3000,29458.45,True,32311.17,2852.7199999999975,36418.76,False,34597.822,-1820.938000000002
73,4,40,60,0.1,6.956902840989585,0.625,9/3000,32986.71,True,34671.53,1684.8199999999997,36418.76,False,34577.99,-1840.770000000004
74,4,40,60,0.15,6.956902840989585,0.625,9/3000,32986.71,True,34671.53,1684.8199999999997,36418.76,False,34577.99,-1840.770000000004
75,4,40,60,0.2,6.956902840989585,0.625,9/3000,32986.71,True,34671.53,1684.8199999999997,36418.76,False,34577.99,-1840.770000000004
76,4,40,60,0.3,6.956902840989585,0.625,9/3000,32986.71,True,34671.53,1684.8199999999997,36418.76,False,34577.99,-1840.770000000004
77,4,40,60,0.35,6.956902840989585,0.625,9/3000,32986.71,True,34671.53,1684.8199999999997,36418.76,False,34577.99,-1840.770000000004
78,4,40,65,0.05,3.695097053334308,0.4444444444444444,9/3000,29458.45,True,34671.53,5213.079999999998,36418.76,False,34597.822,-1820.938000000002
79,4,40,65,0.1,2.3953317172965427,0.2,5/3000,31457.42,True,34671.53,3214.1100000000006,36418.76,False,34577.99,-1840.770000000004
80,4,40,65,0.15,2.3953317172965427,0.2,5/3000,31457.42,True,34671.53,3214.1100000000006,36418.76,False,34577.99,-1840.770000000004
81,4,40,65,0.2,2.3953317172965427,0.2,5/3000,31457.42,True,34671.53,3214.1100000000006,36418.76,False,34577.99,-1840.770000000004
82,4,40,65,0.3,2.3953317172965427,0.2,5/3000,31457.42,True,34671.53,3214.1100000000006,36418.76,False,34577.99,-1840.770000000004
83,4,40,65,0.35,2.3953317172965427,0.2,5/3000,31457.42,True,34671.53,3214.1100000000006,36418.76,False,34577.99,-1840.770000000004
84,4,40,70,0.05,-5.314068102172783,0.25,9/3000,29458.45,True,34671.53,5213.079999999998,36418.76,False,34597.822,-1820.938000000002
85,4,40,70,0.1,-4.3426698490059294,0.25,5/3000,31457.42,True,34671.53,3214.1100000000006,36418.76,False,32776.884000000005,-3641.8759999999966
86,4,40,70,0.15,-3.6114949746624205,0.25,5/3000,29458.45,True,34671.53,5213.079999999998,36418.76,False,30955.946,-5462.814000000002
87,4,40,70,0.2,-8.695639923794715,0.25,5/3000,29458.45,True,34671.53,5213.079999999998,36418.76,False,29135.008,-7283.752
88,4,40,70,0.3,-7.627828728073652,0.0,4/3000,34820.0,False,34590.02,-229.9800000000032,36418.76,False,34671.53,-1747.2300000000032
89,4,40,70,0.35,-7.627828728073652,0.0,4/3000,34820.0,False,34590.02,-229.9800000000032,36418.76,False,34671.53,-1747.2300000000032
90,4,40,75,0.05,-2.463969586908746,0.16666666666666666,7/3000,29458.45,True,35561.13,6102.679999999997,36418.76,False,34597.822,-1820.938000000002
91,4,40,75,0.1,-1.382159916251723,0.3333333333333333,4/3000,31457.42,True,35561.13,4103.709999999999,36418.76,False,32776.884000000005,-3641.8759999999966
92,4,40,75,0.15,-0.6257263671076885,0.3333333333333333,4/3000,29458.45,True,35561.13,6102.679999999997,36418.76,False,30955.946,-5462.814000000002
93,4,40,75,0.2,-5.885504763743242,0.3333333333333333,4/3000,29458.45,True,35561.13,6102.679999999997,36418.76,False,29135.008,-7283.752
94,4,40,75,0.3,-4.780805681570541,0.0,3/3000,36418.76,False,35561.13,-857.6300000000047,34480.52,False,33570.61,-909.9099999999962
95,4,40,75,0.35,-4.780805681570541,0.0,3/3000,36418.76,False,35561.13,-857.6300000000047,34480.52,False,33570.61,-909.9099999999962
96,8,25,60,0.05,-10.119406674846104,0.0,4/3000,34480.52,False,34104.08,-376.43999999999505,35327.24,False,33560.878,-1766.362000000001
97,8,25,60,0.1,0.6054068590205333,0.25,4/3000,31457.42,True,32311.17,853.75,33605.28,False,32504.58,-1100.699999999997
98,8,25,60,0.15,0.6054068590205333,0.25,4/3000,31457.42,True,32311.17,853.75,33605.28,False,32504.58,-1100.699999999997
99,8,25,60,0.2,0.6054068590205333,0.25,4/3000,31457.42,True,32311.17,853.75,33605.28,False,32504.58,-1100.699999999997
100,8,25,60,0.3,0.6054068590205333,0.25,4/3000,31457.42,True,32311.17,853.75,33605.28,False,32504.58,-1100.699999999997
101,8,25,60,0.35,0.6054068590205333,0.25,4/3000,31457.42,True,32311.17,853.75,33605.28,False,32504.58,-1100.699999999997
102,8,25,65,0.05,-8.65613184847767,0.25,4/3000,34480.52,True,34728.48,247.9600000000064,35327.24,False,33560.878,-1766.362000000001
103,8,25,65,0.1,5.049385619613673,0.75,4/3000,31457.42,True,32311.17,853.75,33605.28,False,32504.58,-1100.699999999997
104,8,25,65,0.15,5.049385619613673,0.75,4/3000,31457.42,True,32311.17,853.75,33605.28,False,32504.58,-1100.699999999997
105,8,25,65,0.2,5.049385619613673,0.75,4/3000,31457.42,True,32311.17,853.75,33605.28,False,32504.58,-1100.699999999997
106,8,25,65,0.3,5.049385619613673,0.75,4/3000,31457.42,True,32311.17,853.75,33605.28,False,32504.58,-1100.699999999997
107,8,25,65,0.35,5.049385619613673,0.75,4/3000,31457.42,True,32311.17,853.75,33605.28,False,32504.58,-1100.699999999997
108,8,25,70,0.05,-8.65613184847767,0.25,4/3000,34480.52,True,34728.48,247.9600000000064,35327.24,False,33560.878,-1766.362000000001
109,8,25,70,0.1,0.18644618096786303,0.5,4/3000,31457.42,True,34671.53,3214.1100000000006,35327.24,False,31794.516,-3532.7239999999983
110,8,25,70,0.15,-12.57102090522298,0.3333333333333333,3/3000,34480.52,True,34728.48,247.9600000000064,35327.24,False,30028.154,-5299.085999999999
111,8,25,70,0.2,-0.5913735663577455,0.3333333333333333,3/3000,34480.52,True,34728.48,247.9600000000064,33605.28,False,32201.82,-1403.4599999999991
112,8,25,70,0.3,-0.5913735663577455,0.3333333333333333,3/3000,34480.52,True,34728.48,247.9600000000064,33605.28,False,32201.82,-1403.4599999999991
113,8,25,70,0.35,-0.5913735663577455,0.3333333333333333,3/3000,34480.52,True,34728.48,247.9600000000064,33605.28,False,32201.82,-1403.4599999999991
114,8,25,75,0.05,-13.277460278572136,0.0,4/3000,31457.42,False,29884.548999999995,-1572.8710000000028,35327.24,False,33560.878,-1766.362000000001
115,8,25,75,0.1,-4.736105963885322,0.3333333333333333,4/3000,31457.42,True,34671.53,3214.1100000000006,35327.24,False,31794.516,-3532.7239999999983
116,8,25,75,0.15,-16.79756942720853,0.0,3/3000,34480.52,False,33570.61,-909.9099999999962,35327.24,False,30028.154,-5299.085999999999
117,8,25,75,0.2,-5.4714905351357,0.0,3/3000,35327.24,False,34671.53,-655.7099999999991,34480.52,False,33570.61,-909.9099999999962
118,8,25,75,0.3,-5.4714905351357,0.0,3/3000,35327.24,False,34671.53,-655.7099999999991,34480.52,False,33570.61,-909.9099999999962
119,8,25,75,0.35,-5.4714905351357,0.0,3/3000,35327.24,False,34671.53,-655.7099999999991,34480.52,False,33570.61,-909.9099999999962
120,8,30,60,0.05,-2.9861655292175158,0.4444444444444444,9/3000,29458.45,True,32311.17,2852.7199999999975,36418.76,False,34597.822,-1820.938000000002
121,8,30,60,0.1,-3.2140582585321766,0.42857142857142855,7/3000,31457.42,True,32311.17,853.75,36418.76,False,34577.99,-1840.770000000004
122,8,30,60,0.15,-3.2140582585321766,0.42857142857142855,7/3000,31457.42,True,32311.17,853.75,36418.76,False,34577.99,-1840.770000000004
123,8,30,60,0.2,-3.2140582585321766,0.42857142857142855,7/3000,31457.42,True,32311.17,853.75,36418.76,False,34577.99,-1840.770000000004
124,8,30,60,0.3,-3.2140582585321766,0.42857142857142855,7/3000,31457.42,True,32311.17,853.75,36418.76,False,34577.99,-1840.770000000004
125,8,30,60,0.35,-3.2140582585321766,0.42857142857142855,7/3000,31457.42,True,32311.17,853.75,36418.76,False,34577.99,-1840.770000000004
126,8,30,65,0.05,2.2554479990558036,0.5555555555555556,9/3000,29458.45,True,32311.17,2852.7199999999975,36418.76,False,34597.822,-1820.938000000002
127,8,30,65,0.1,4.512710908469401,0.5714285714285714,7/3000,31457.42,True,32311.17,853.75,33605.28,False,32504.58,-1100.699999999997
128,8,30,65,0.15,4.512710908469401,0.5714285714285714,7/3000,31457.42,True,32311.17,853.75,33605.28,False,32504.58,-1100.699999999997
129,8,30,65,0.2,4.512710908469401,0.5714285714285714,7/3000,31457.42,True,32311.17,853.75,33605.28,False,32504.58,-1100.699999999997
130,8,30,65,0.3,4.512710908469401,0.5714285714285714,7/3000,31457.42,True,32311.17,853.75,33605.28,False,32504.58,-1100.699999999997
131,8,30,65,0.35,4.512710908469401,0.5714285714285714,7/3000,31457.42,True,32311.17,853.75,33605.28,False,32504.58,-1100.699999999997
132,8,30,70,0.05,-1.1921591284393998,0.4444444444444444,9/3000,29458.45,True,34671.53,5213.079999999998,36418.76,False,34597.822,-1820.938000000002
133,8,30,70,0.1,1.2572469961769457,0.5,6/3000,31457.42,True,34671.53,3214.1100000000006,36418.76,False,32776.884000000005,-3641.8759999999966
134,8,30,70,0.15,2.0361996120971213,0.5,6/3000,29458.45,True,34671.53,5213.079999999998,36418.76,False,30955.946,-5462.814000000002
135,8,30,70,0.2,-3.3801626656681236,0.5,6/3000,29458.45,True,34671.53,5213.079999999998,36418.76,False,29135.008,-7283.752
136,8,30,70,0.3,-2.2425766333764443,0.4,5/3000,33306.57,True,33570.61,264.0400000000009,36418.76,False,34671.53,-1747.2300000000032
137,8,30,70,0.35,-2.2425766333764443,0.4,5/3000,33306.57,True,33570.61,264.0400000000009,36418.76,False,34671.53,-1747.2300000000032
138,8,30,75,0.05,-8.558419958407825,0.14285714285714285,8/3000,29458.45,True,34671.53,5213.079999999998,36418.76,False,34597.822,-1820.938000000002
139,8,30,75,0.1,-4.231099765222538,0.25,5/3000,31457.42,True,34671.53,3214.1100000000006,36418.76,False,32776.884000000005,-3641.8759999999966
140,8,30,75,0.15,-3.498972989845825,0.25,5/3000,29458.45,True,34671.53,5213.079999999998,36418.76,False,30955.946,-5462.814000000002
141,8,30,75,0.2,-8.589736879261451,0.25,5/3000,29458.45,True,34671.53,5213.079999999998,36418.76,False,29135.008,-7283.752
142,8,30,75,0.3,-7.5205355228331285,0.0,4/3000,34820.0,False,34590.02,-229.9800000000032,36418.76,False,34671.53,-1747.2300000000032
143,8,30,75,0.35,-7.5205355228331285,0.0,4/3000,34820.0,False,34590.02,-229.9800000000032,36418.76,False,34671.53,-1747.2300000000032
144,8,35,60,0.05,2.409737129592145,0.5714285714285714,15/3000,29458.45,True,32311.17,2852.7199999999975,36418.76,False,34597.822,-1820.938000000002
145,8,35,60,0.1,-2.982507997858235,0.4444444444444444,10/3000,31457.42,True,32311.17,853.75,36418.76,False,34577.99,-1840.770000000004
146,8,35,60,0.15,-2.982507997858235,0.4444444444444444,10/3000,31457.42,True,32311.17,853.75,36418.76,False,34577.99,-1840.770000000004
147,8,35,60,0.2,-2.982507997858235,0.4444444444444444,10/3000,31457.42,True,32311.17,853.75,36418.76,False,34577.99,-1840.770000000004
148,8,35,60,0.3,-2.982507997858235,0.4444444444444444,10/3000,31457.42,True,32311.17,853.75,36418.76,False,34577.99,-1840.770000000004
149,8,35,60,0.35,-2.982507997858235,0.4444444444444444,10/3000,31457.42,True,32311.17,853.75,36418.76,False,34577.99,-1840.770000000004
150,8,35,65,0.05,8.294541837018528,0.6153846153846154,14/3000,29458.45,True,32311.17,2852.7199999999975,36418.76,False,34597.822,-1820.938000000002
151,8,35,65,0.1,2.5590654785541176,0.5,9/3000,31457.42,True,32311.17,853.75,33605.28,False,32504.58,-1100.699999999997
152,8,35,65,0.15,2.5590654785541176,0.5,9/3000,31457.42,True,32311.17,853.75,33605.28,False,32504.58,-1100.699999999997
153,8,35,65,0.2,2.5590654785541176,0.5,9/3000,31457.42,True,32311.17,853.75,33605.28,False,32504.58,-1100.699999999997
154,8,35,65,0.3,2.5590654785541176,0.5,9/3000,31457.42,True,32311.17,853.75,33605.28,False,32504.58,-1100.699999999997
155,8,35,65,0.35,2.5590654785541176,0.5,9/3000,31457.42,True,32311.17,853.75,33605.28,False,32504.58,-1100.699999999997
156,8,35,70,0.05,1.385596312610545,0.5,11/3000,29458.45,True,34671.53,5213.079999999998,36418.76,False,34597.822,-1820.938000000002
157,8,35,70,0.1,0.308661906799216,0.5,7/3000,31457.42,True,34671.53,3214.1100000000006,36418.76,False,32776.884000000005,-3641.8759999999966
158,8,35,70,0.15,1.079521321602897,0.5,7/3000,29458.45,True,34671.53,5213.079999999998,36418.76,False,30955.946,-5462.814000000002
159,8,35,70,0.2,-4.280565762603871,0.5,7/3000,29458.45,True,34671.53,5213.079999999998,36418.76,False,29135.008,-7283.752
160,8,35,70,0.3,-3.154799078958675,0.4,6/3000,33306.57,True,33570.61,264.0400000000009,36418.76,False,34671.53,-1747.2300000000032
161,8,35,70,0.35,-3.154799078958675,0.4,6/3000,33306.57,True,33570.61,264.0400000000009,36418.76,False,34671.53,-1747.2300000000032
162,8,35,75,0.05,-5.314068102172783,0.25,9/3000,29458.45,True,34671.53,5213.079999999998,36418.76,False,34597.822,-1820.938000000002
163,8,35,75,0.1,-4.231099765222538,0.25,5/3000,31457.42,True,34671.53,3214.1100000000006,36418.76,False,32776.884000000005,-3641.8759999999966
164,8,35,75,0.15,-3.498972989845825,0.25,5/3000,29458.45,True,34671.53,5213.079999999998,36418.76,False,30955.946,-5462.814000000002
165,8,35,75,0.2,-8.589736879261451,0.25,5/3000,29458.45,True,34671.53,5213.079999999998,36418.76,False,29135.008,-7283.752
166,8,35,75,0.3,-7.5205355228331285,0.0,4/3000,34820.0,False,34590.02,-229.9800000000032,36418.76,False,34671.53,-1747.2300000000032
167,8,35,75,0.35,-7.5205355228331285,0.0,4/3000,34820.0,False,34590.02,-229.9800000000032,36418.76,False,34671.53,-1747.2300000000032
168,8,40,60,0.05,1.066789118921747,0.5789473684210527,20/3000,29458.45,True,32311.17,2852.7199999999975,36418.76,False,34597.822,-1820.938000000002
169,8,40,60,0.1,0.3639014503735041,0.5384615384615384,14/3000,34202.01,True,35574.63,1372.6199999999953,36418.76,False,34577.99,-1840.770000000004
170,8,40,60,0.15,0.3639014503735041,0.5384615384615384,14/3000,34202.01,True,35574.63,1372.6199999999953,36418.76,False,34577.99,-1840.770000000004
171,8,40,60,0.2,0.3639014503735041,0.5384615384615384,14/3000,34202.01,True,35574.63,1372.6199999999953,36418.76,False,34577.99,-1840.770000000004
172,8,40,60,0.3,0.3639014503735041,0.5384615384615384,14/3000,34202.01,True,35574.63,1372.6199999999953,36418.76,False,34577.99,-1840.770000000004
173,8,40,60,0.35,0.3639014503735041,0.5384615384615384,14/3000,34202.01,True,35574.63,1372.6199999999953,36418.76,False,34577.99,-1840.770000000004
174,8,40,65,0.05,6.5172581562245,0.5555555555555556,19/3000,29458.45,True,32311.17,2852.7199999999975,36418.76,False,34597.822,-1820.938000000002
175,8,40,65,0.1,6.705285676554155,0.45454545454545453,12/3000,32679.55,True,34884.14,2204.59,34262.58,False,33018.22,-1244.3600000000006
176,8,40,65,0.15,6.705285676554155,0.45454545454545453,12/3000,32679.55,True,34884.14,2204.59,34262.58,False,33018.22,-1244.3600000000006
177,8,40,65,0.2,6.705285676554155,0.45454545454545453,12/3000,32679.55,True,34884.14,2204.59,34262.58,False,33018.22,-1244.3600000000006
178,8,40,65,0.3,6.705285676554155,0.45454545454545453,12/3000,32679.55,True,34884.14,2204.59,34262.58,False,33018.22,-1244.3600000000006
179,8,40,65,0.35,6.705285676554155,0.45454545454545453,12/3000,32679.55,True,34884.14,2204.59,34262.58,False,33018.22,-1244.3600000000006
180,8,40,70,0.05,0.24513221332641422,0.5,11/3000,29458.45,True,34671.53,5213.079999999998,36418.76,False,34597.822,-1820.938000000002
181,8,40,70,0.1,-3.666439548899376,0.42857142857142855,8/3000,29458.45,True,34671.53,5213.079999999998,36418.76,False,32776.884000000005,-3641.8759999999966
182,8,40,70,0.15,0.7805724477838254,0.5,7/3000,29458.45,True,34671.53,5213.079999999998,36418.76,False,30955.946,-5462.814000000002
183,8,40,70,0.2,-4.561929408551208,0.5,7/3000,29458.45,True,34671.53,5213.079999999998,36418.76,False,29135.008,-7283.752
184,8,40,70,0.3,-3.439856109612549,0.4,6/3000,34202.01,True,34590.02,388.00999999999476,36418.76,False,34671.53,-1747.2300000000032
185,8,40,70,0.35,-3.439856109612549,0.4,6/3000,34202.01,True,34590.02,388.00999999999476,36418.76,False,34671.53,-1747.2300000000032
186,8,40,75,0.05,-1.269005881564894,0.375,9/3000,29458.45,True,34671.53,5213.079999999998,36418.76,False,34597.822,-1820.938000000002
187,8,40,75,0.1,-6.358224799203128,0.4,6/3000,29458.45,True,34671.53,5213.079999999998,36418.76,False,32776.884000000005,-3641.8759999999966
188,8,40,75,0.15,-2.049798380487303,0.5,5/3000,29458.45,True,34671.53,5213.079999999998,36418.76,False,30955.946,-5462.814000000002
189,8,40,75,0.2,-7.225807835159358,0.5,5/3000,29458.45,True,34671.53,5213.079999999998,36418.76,False,29135.008,-7283.752
190,8,40,75,0.3,-6.138702549972649,0.3333333333333333,4/3000,34202.01,True,34590.02,388.00999999999476,36418.76,False,34671.53,-1747.2300000000032
191,8,40,75,0.35,-6.138702549972649,0.3333333333333333,4/3000,34202.01,True,34590.02,388.00999999999476,36418.76,False,34671.53,-1747.2300000000032
192,14,25,60,0.05,0.03146522285607034,0.0,1/3000,35327.24,False,33560.878,-1766.362000000001,35327.24,False,33560.878,-1766.362000000001
193,14,25,60,0.1,5.560588837657534,1.0,1/3000,35327.24,True,35621.0,293.76000000000204,35327.24,True,35621.0,293.76000000000204
194,14,25,60,0.15,5.560588837657534,1.0,1/3000,35327.24,True,35621.0,293.76000000000204,35327.24,True,35621.0,293.76000000000204
195,14,25,60,0.2,5.560588837657534,1.0,1/3000,35327.24,True,35621.0,293.76000000000204,35327.24,True,35621.0,293.76000000000204
196,14,25,60,0.3,5.560588837657534,1.0,1/3000,35327.24,True,35621.0,293.76000000000204,35327.24,True,35621.0,293.76000000000204
197,14,25,60,0.35,5.560588837657534,1.0,1/3000,35327.24,True,35621.0,293.76000000000204,35327.24,True,35621.0,293.76000000000204
198,14,25,65,0.05,0.03146522285607034,0.0,1/3000,35327.24,False,33560.878,-1766.362000000001,35327.24,False,33560.878,-1766.362000000001
199,14,25,65,0.1,5.560588837657534,1.0,1/3000,35327.24,True,35621.0,293.76000000000204,35327.24,True,35621.0,293.76000000000204
200,14,25,65,0.15,5.560588837657534,1.0,1/3000,35327.24,True,35621.0,293.76000000000204,35327.24,True,35621.0,293.76000000000204
201,14,25,65,0.2,5.560588837657534,1.0,1/3000,35327.24,True,35621.0,293.76000000000204,35327.24,True,35621.0,293.76000000000204
202,14,25,65,0.3,5.560588837657534,1.0,1/3000,35327.24,True,35621.0,293.76000000000204,35327.24,True,35621.0,293.76000000000204
203,14,25,65,0.35,5.560588837657534,1.0,1/3000,35327.24,True,35621.0,293.76000000000204,35327.24,True,35621.0,293.76000000000204
204,14,25,70,0.05,0.03146522285607034,0.0,1/3000,35327.24,False,33560.878,-1766.362000000001,35327.24,False,33560.878,-1766.362000000001
205,14,25,70,0.1,-4.709241320973817,0.0,1/3000,35327.24,False,31794.516,-3532.7239999999983,35327.24,False,31794.516,-3532.7239999999983
206,14,25,70,0.15,-9.449947864803718,0.0,1/3000,35327.24,False,30028.154,-5299.085999999999,35327.24,False,30028.154,-5299.085999999999
207,14,25,70,0.2,3.0123237356172012,0.0,1/3000,35327.24,False,34671.53,-655.7099999999991,35327.24,False,34671.53,-655.7099999999991
208,14,25,70,0.3,3.0123237356172012,0.0,1/3000,35327.24,False,34671.53,-655.7099999999991,35327.24,False,34671.53,-655.7099999999991
209,14,25,70,0.35,3.0123237356172012,0.0,1/3000,35327.24,False,34671.53,-655.7099999999991,35327.24,False,34671.53,-655.7099999999991
210,14,25,75,0.05,0.03146522285607034,0.0,1/3000,35327.24,False,33560.878,-1766.362000000001,35327.24,False,33560.878,-1766.362000000001
211,14,25,75,0.1,-4.709241320973817,0.0,1/3000,35327.24,False,31794.516,-3532.7239999999983,35327.24,False,31794.516,-3532.7239999999983
212,14,25,75,0.15,-9.449947864803718,0.0,1/3000,35327.24,False,30028.154,-5299.085999999999,35327.24,False,30028.154,-5299.085999999999
213,14,25,75,0.2,5.39990484378815,1.0,1/3000,35327.24,True,35561.13,233.88999999999942,35327.24,True,35561.13,233.88999999999942
214,14,25,75,0.3,5.39990484378815,1.0,1/3000,35327.24,True,35561.13,233.88999999999942,35327.24,True,35561.13,233.88999999999942
215,14,25,75,0.35,5.39990484378815,1.0,1/3000,35327.24,True,35561.13,233.88999999999942,35327.24,True,35561.13,233.88999999999942
216,14,30,60,0.05,6.280796221186165,0.625,8/3000,29458.45,True,32311.17,2852.7199999999975,36418.76,False,34597.822,-1820.938000000002
217,14,30,60,0.1,9.863718638106832,0.5714285714285714,7/3000,29458.45,True,32311.17,2852.7199999999975,33605.28,False,32504.58,-1100.699999999997
218,14,30,60,0.15,9.863718638106832,0.5714285714285714,7/3000,29458.45,True,32311.17,2852.7199999999975,33605.28,False,32504.58,-1100.699999999997
219,14,30,60,0.2,9.863718638106832,0.5714285714285714,7/3000,29458.45,True,32311.17,2852.7199999999975,33605.28,False,32504.58,-1100.699999999997
220,14,30,60,0.3,9.863718638106832,0.5714285714285714,7/3000,29458.45,True,32311.17,2852.7199999999975,33605.28,False,32504.58,-1100.699999999997
221,14,30,60,0.35,9.863718638106832,0.5714285714285714,7/3000,29458.45,True,32311.17,2852.7199999999975,33605.28,False,32504.58,-1100.699999999997
222,14,30,65,0.05,15.0598654492982,0.625,8/3000,29458.45,True,34884.14,5425.689999999999,36418.76,False,34597.822,-1820.938000000002
223,14,30,65,0.1,16.562081760075614,0.5,6/3000,29458.45,True,34884.14,5425.689999999999,33605.28,False,32201.82,-1403.4599999999991
224,14,30,65,0.15,16.562081760075614,0.5,6/3000,29458.45,True,34884.14,5425.689999999999,33605.28,False,32201.82,-1403.4599999999991
225,14,30,65,0.2,16.562081760075614,0.5,6/3000,29458.45,True,34884.14,5425.689999999999,33605.28,False,32201.82,-1403.4599999999991
226,14,30,65,0.3,16.562081760075614,0.5,6/3000,29458.45,True,34884.14,5425.689999999999,33605.28,False,32201.82,-1403.4599999999991
227,14,30,65,0.35,16.562081760075614,0.5,6/3000,29458.45,True,34884.14,5425.689999999999,33605.28,False,32201.82,-1403.4599999999991
228,14,30,70,0.05,-4.098010681736525,0.16666666666666666,7/3000,29458.45,True,34671.53,5213.079999999998,36418.76,False,34597.822,-1820.938000000002
229,14,30,70,0.1,1.591790899569844,0.25,5/3000,29458.45,True,34671.53,5213.079999999998,36418.76,False,32776.884000000005,-3641.8759999999966
230,14,30,70,0.15,-3.498972989845825,0.25,5/3000,29458.45,True,34671.53,5213.079999999998,36418.76,False,30955.946,-5462.814000000002
231,14,30,70,0.2,-8.589736879261451,0.25,5/3000,29458.45,True,34671.53,5213.079999999998,36418.76,False,29135.008,-7283.752
232,14,30,70,0.3,-7.5205355228331285,0.0,4/3000,34820.0,False,34590.02,-229.9800000000032,36418.76,False,34671.53,-1747.2300000000032
233,14,30,70,0.35,-7.5205355228331285,0.0,4/3000,34820.0,False,34590.02,-229.9800000000032,36418.76,False,34671.53,-1747.2300000000032
234,14,30,75,0.05,2.932415623032554,0.2,6/3000,29458.45,True,35561.13,6102.679999999997,36418.76,False,34597.822,-1820.938000000002
235,14,30,75,0.1,3.6486577966554705,0.3333333333333333,3/3000,29458.45,True,35561.13,6102.679999999997,36418.76,False,32776.884000000005,-3641.8759999999966
236,14,30,75,0.15,-0.2373331169873154,0.5,3/3000,29458.45,True,35561.13,6102.679999999997,36418.76,False,30955.946,-5462.814000000002
237,14,30,75,0.2,-5.519958175394649,0.5,3/3000,29458.45,True,35561.13,6102.679999999997,36418.76,False,29135.008,-7283.752
238,14,30,75,0.3,-4.410460661731733,0.0,2/3000,36418.76,False,35561.13,-857.6300000000047,36418.76,False,35561.13,-857.6300000000047
239,14,30,75,0.35,-4.410460661731733,0.0,2/3000,36418.76,False,35561.13,-857.6300000000047,36418.76,False,35561.13,-857.6300000000047
240,14,35,60,0.05,-0.9743528348368358,0.5384615384615384,13/3000,29458.45,True,32311.17,2852.7199999999975,36418.76,False,34597.822,-1820.938000000002
241,14,35,60,0.1,2.338658471569218,0.4444444444444444,9/3000,31457.42,True,32311.17,853.75,33605.28,False,32504.58,-1100.699999999997
242,14,35,60,0.15,2.338658471569218,0.4444444444444444,9/3000,31457.42,True,32311.17,853.75,33605.28,False,32504.58,-1100.699999999997
243,14,35,60,0.2,2.338658471569218,0.4444444444444444,9/3000,31457.42,True,32311.17,853.75,33605.28,False,32504.58,-1100.699999999997
244,14,35,60,0.3,2.338658471569218,0.4444444444444444,9/3000,31457.42,True,32311.17,853.75,33605.28,False,32504.58,-1100.699999999997
245,14,35,60,0.35,2.338658471569218,0.4444444444444444,9/3000,31457.42,True,32311.17,853.75,33605.28,False,32504.58,-1100.699999999997
246,14,35,65,0.05,4.997351503526772,0.5,12/3000,29458.45,True,34884.14,5425.689999999999,36418.76,False,34597.822,-1820.938000000002
247,14,35,65,0.1,4.716026713955486,0.375,8/3000,29458.45,True,34884.14,5425.689999999999,33025.5,False,29722.95,-3302.5499999999993
248,14,35,65,0.15,4.060901464759311,0.42857142857142855,7/3000,33025.5,True,34884.14,1858.6399999999994,33605.28,False,32201.82,-1403.4599999999991
249,14,35,65,0.2,4.060901464759311,0.42857142857142855,7/3000,33025.5,True,34884.14,1858.6399999999994,33605.28,False,32201.82,-1403.4599999999991
250,14,35,65,0.3,4.060901464759311,0.42857142857142855,7/3000,33025.5,True,34884.14,1858.6399999999994,33605.28,False,32201.82,-1403.4599999999991
251,14,35,65,0.35,4.060901464759311,0.42857142857142855,7/3000,33025.5,True,34884.14,1858.6399999999994,33605.28,False,32201.82,-1403.4599999999991
252,14,35,70,0.05,-9.08633841735103,0.14285714285714285,8/3000,29458.45,True,34671.53,5213.079999999998,36418.76,False,34597.822,-1820.938000000002
253,14,35,70,0.1,-7.736442381020382,0.2,6/3000,29458.45,True,34671.53,5213.079999999998,36418.76,False,32776.884000000005,-3641.8759999999966
254,14,35,70,0.15,-3.498972989845825,0.25,5/3000,29458.45,True,34671.53,5213.079999999998,36418.76,False,30955.946,-5462.814000000002
255,14,35,70,0.2,-8.589736879261451,0.25,5/3000,29458.45,True,34671.53,5213.079999999998,36418.76,False,29135.008,-7283.752
256,14,35,70,0.3,-7.5205355228331285,0.0,4/3000,34820.0,False,34590.02,-229.9800000000032,36418.76,False,34671.53,-1747.2300000000032
257,14,35,70,0.35,-7.5205355228331285,0.0,4/3000,34820.0,False,34590.02,-229.9800000000032,36418.76,False,34671.53,-1747.2300000000032
258,14,35,75,0.05,-2.463969586908746,0.16666666666666666,7/3000,29458.45,True,35561.13,6102.679999999997,36418.76,False,34597.822,-1820.938000000002
259,14,35,75,0.1,-5.888962682877889,0.25,4/3000,29458.45,True,35561.13,6102.679999999997,36418.76,False,32776.884000000005,-3641.8759999999966
260,14,35,75,0.15,-0.2373331169873154,0.5,3/3000,29458.45,True,35561.13,6102.679999999997,36418.76,False,30955.946,-5462.814000000002
261,14,35,75,0.2,-5.519958175394649,0.5,3/3000,29458.45,True,35561.13,6102.679999999997,36418.76,False,29135.008,-7283.752
262,14,35,75,0.3,-4.410460661731733,0.0,2/3000,36418.76,False,35561.13,-857.6300000000047,36418.76,False,35561.13,-857.6300000000047
263,14,35,75,0.35,-4.410460661731733,0.0,2/3000,36418.76,False,35561.13,-857.6300000000047,36418.76,False,35561.13,-857.6300000000047
264,14,40,60,0.05,-0.3791000905509918,0.5789473684210527,20/3000,29458.45,True,32311.17,2852.7199999999975,36418.76,False,34597.822,-1820.938000000002
265,14,40,60,0.1,4.2617022387617425,0.5833333333333334,13/3000,32679.55,True,33889.86,1210.3100000000013,34262.58,False,33018.22,-1244.3600000000006
266,14,40,60,0.15,4.2617022387617425,0.5833333333333334,13/3000,32679.55,True,33889.86,1210.3100000000013,34262.58,False,33018.22,-1244.3600000000006
267,14,40,60,0.2,4.2617022387617425,0.5833333333333334,13/3000,32679.55,True,33889.86,1210.3100000000013,34262.58,False,33018.22,-1244.3600000000006
268,14,40,60,0.3,4.2617022387617425,0.5833333333333334,13/3000,32679.55,True,33889.86,1210.3100000000013,34262.58,False,33018.22,-1244.3600000000006
269,14,40,60,0.35,4.2617022387617425,0.5833333333333334,13/3000,32679.55,True,33889.86,1210.3100000000013,34262.58,False,33018.22,-1244.3600000000006
270,14,40,65,0.05,-4.1389579801908525,0.4375,17/3000,29458.45,True,34884.14,5425.689999999999,36418.76,False,34597.822,-1820.938000000002
271,14,40,65,0.1,0.939897895537058,0.25,9/3000,29458.45,True,34884.14,5425.689999999999,34262.58,False,30836.322000000004,-3426.257999999998
272,14,40,65,0.15,-4.114649715876794,0.25,9/3000,29458.45,True,34884.14,5425.689999999999,34262.58,False,29123.193,-5139.387000000002
273,14,40,65,0.2,-2.951387615659641,0.2857142857142857,8/3000,34262.58,True,34884.14,621.5599999999977,33484.09,False,32201.82,-1282.2699999999968
274,14,40,65,0.3,-2.951387615659641,0.2857142857142857,8/3000,34262.58,True,34884.14,621.5599999999977,33484.09,False,32201.82,-1282.2699999999968
275,14,40,65,0.35,-2.951387615659641,0.2857142857142857,8/3000,34262.58,True,34884.14,621.5599999999977,33484.09,False,32201.82,-1282.2699999999968
276,14,40,70,0.05,-2.7680399249858,0.3333333333333333,10/3000,29458.45,True,34671.53,5213.079999999998,36418.76,False,34597.822,-1820.938000000002
277,14,40,70,0.1,-7.438551485004567,0.2,6/3000,29458.45,True,34671.53,5213.079999999998,36418.76,False,32776.884000000005,-3641.8759999999966
278,14,40,70,0.15,-3.1857452901266186,0.25,5/3000,29458.45,True,34671.53,5213.079999999998,36418.76,False,30955.946,-5462.814000000002
279,14,40,70,0.2,-8.294934338349265,0.25,5/3000,29458.45,True,34671.53,5213.079999999998,36418.76,False,29135.008,-7283.752
280,14,40,70,0.3,-7.221863188464212,0.0,4/3000,34820.0,False,34590.02,-229.9800000000032,36418.76,False,34671.53,-1747.2300000000032
281,14,40,70,0.35,-7.221863188464212,0.0,4/3000,34820.0,False,34590.02,-229.9800000000032,36418.76,False,34671.53,-1747.2300000000032
282,14,40,75,0.05,0.6374776025286621,0.2,6/3000,29458.45,True,35561.13,6102.679999999997,36418.76,False,34597.822,-1820.938000000002
283,14,40,75,0.1,-5.278761332511252,0.25,5/3000,29458.45,True,35561.13,6102.679999999997,36418.76,False,32776.884000000005,-3641.8759999999966
284,14,40,75,0.15,-0.2373331169873154,0.5,3/3000,29458.45,True,35561.13,6102.679999999997,36418.76,False,30955.946,-5462.814000000002
285,14,40,75,0.2,-5.519958175394649,0.5,3/3000,29458.45,True,35561.13,6102.679999999997,36418.76,False,29135.008,-7283.752
286,14,40,75,0.3,-4.410460661731733,0.0,2/3000,36418.76,False,35561.13,-857.6300000000047,36418.76,False,35561.13,-857.6300000000047
287,14,40,75,0.35,-4.410460661731733,0.0,2/3000,36418.76,False,35561.13,-857.6300000000047,36418.76,False,35561.13,-857.6300000000047
288,24,25,60,0.05,5.2456001476268455,,1/3000,,,,,,,,
289,24,25,60,0.1,5.2456001476268455,,1/3000,,,,,,,,
290,24,25,60,0.15,5.2456001476268455,,1/3000,,,,,,,,
291,24,25,60,0.2,5.2456001476268455,,1/3000,,,,,,,,
292,24,25,60,0.3,5.2456001476268455,,1/3000,,,,,,,,
293,24,25,60,0.35,5.2456001476268455,,1/3000,,,,,,,,
294,24,25,65,0.05,4.038470115110755,,1/3000,,,,,,,,
295,24,25,65,0.1,4.038470115110755,,1/3000,,,,,,,,
296,24,25,65,0.15,4.038470115110755,,1/3000,,,,,,,,
297,24,25,65,0.2,4.038470115110755,,1/3000,,,,,,,,
298,24,25,65,0.3,4.038470115110755,,1/3000,,,,,,,,
299,24,25,65,0.35,4.038470115110755,,1/3000,,,,,,,,
300,24,25,70,0.05,5.169483077001388,,1/3000,,,,,,,,
301,24,25,70,0.1,5.169483077001388,,1/3000,,,,,,,,
302,24,25,70,0.15,5.169483077001388,,1/3000,,,,,,,,
303,24,25,70,0.2,5.169483077001388,,1/3000,,,,,,,,
304,24,25,70,0.3,5.169483077001388,,1/3000,,,,,,,,
305,24,25,70,0.35,5.169483077001388,,1/3000,,,,,,,,
306,24,25,75,0.05,0.0,,0/3000,,,,,,,,
307,24,25,75,0.1,0.0,,0/3000,,,,,,,,
308,24,25,75,0.15,0.0,,0/3000,,,,,,,,
309,24,25,75,0.2,0.0,,0/3000,,,,,,,,
310,24,25,75,0.3,0.0,,0/3000,,,,,,,,
311,24,25,75,0.35,0.0,,0/3000,,,,,,,,
312,24,30,60,0.05,5.713804330994975,0.6666666666666666,3/3000,33637.92,True,35621.0,1983.0800000000017,35327.24,False,33560.878,-1766.362000000001
313,24,30,60,0.1,6.125859728404322,1.0,2/3000,35327.24,True,35621.0,293.76000000000204,33306.57,True,33570.61,264.0400000000009
314,24,30,60,0.15,6.125859728404322,1.0,2/3000,35327.24,True,35621.0,293.76000000000204,33306.57,True,33570.61,264.0400000000009
315,24,30,60,0.2,6.125859728404322,1.0,2/3000,35327.24,True,35621.0,293.76000000000204,33306.57,True,33570.61,264.0400000000009
316,24,30,60,0.3,6.125859728404322,1.0,2/3000,35327.24,True,35621.0,293.76000000000204,33306.57,True,33570.61,264.0400000000009
317,24,30,60,0.35,6.125859728404322,1.0,2/3000,35327.24,True,35621.0,293.76000000000204,33306.57,True,33570.61,264.0400000000009
318,24,30,65,0.05,-4.138321518155848,0.3333333333333333,3/3000,33306.57,True,33570.61,264.0400000000009,35327.24,False,33560.878,-1766.362000000001
319,24,30,65,0.1,-4.204693038214131,0.5,2/3000,33306.57,True,33570.61,264.0400000000009,35327.24,False,31794.516,-3532.7239999999983
320,24,30,65,0.15,-8.97343004219735,0.5,2/3000,33306.57,True,33570.61,264.0400000000009,35327.24,False,30028.154,-5299.085999999999
321,24,30,65,0.2,3.562527453835486,0.5,2/3000,33306.57,True,33570.61,264.0400000000009,35327.24,False,34671.53,-655.7099999999991
322,24,30,65,0.3,3.562527453835486,0.5,2/3000,33306.57,True,33570.61,264.0400000000009,35327.24,False,34671.53,-655.7099999999991
323,24,30,65,0.35,3.562527453835486,0.5,2/3000,33306.57,True,33570.61,264.0400000000009,35327.24,False,34671.53,-655.7099999999991
324,24,30,70,0.05,-9.075371288921119,0.0,3/3000,33306.57,False,31641.241499999996,-1665.3285000000033,35327.24,False,33560.878,-1766.362000000001
325,24,30,70,0.1,-9.51168933121491,0.0,2/3000,35327.24,False,31794.516,-3532.7239999999983,35327.24,False,31794.516,-3532.7239999999983
326,24,30,70,0.15,-13.985593207809188,0.0,2/3000,35327.24,False,30028.154,-5299.085999999999,35327.24,False,30028.154,-5299.085999999999
327,24,30,70,0.2,0.02852325048368698,1.0,2/3000,35327.24,True,35561.13,233.88999999999942,35327.24,True,35561.13,233.88999999999942
328,24,30,70,0.3,0.02852325048368698,1.0,2/3000,35327.24,True,35561.13,233.88999999999942,35327.24,True,35561.13,233.88999999999942
329,24,30,70,0.35,0.02852325048368698,1.0,2/3000,35327.24,True,35561.13,233.88999999999942,35327.24,True,35561.13,233.88999999999942
330,24,30,75,0.05,-9.075371288921119,0.0,3/3000,33306.57,False,31641.241499999996,-1665.3285000000033,35327.24,False,33560.878,-1766.362000000001
331,24,30,75,0.1,-9.51168933121491,0.0,2/3000,35327.24,False,31794.516,-3532.7239999999983,35327.24,False,31794.516,-3532.7239999999983
332,24,30,75,0.15,-13.985593207809188,0.0,2/3000,35327.24,False,30028.154,-5299.085999999999,35327.24,False,30028.154,-5299.085999999999
333,24,30,75,0.2,-5.512932187739537,,1/3000,,,,,,,,
334,24,30,75,0.3,-5.512932187739537,,1/3000,,,,,,,,
335,24,30,75,0.35,-5.512932187739537,,1/3000,,,,,,,,
336,24,35,60,0.05,9.605180601408534,0.5555555555555556,9/3000,29458.45,True,34884.14,5425.689999999999,36418.76,False,34597.822,-1820.938000000002
337,24,35,60,0.1,15.455581388953561,0.42857142857142855,7/3000,29458.45,True,34884.14,5425.689999999999,33605.28,False,32201.82,-1403.4599999999991
338,24,35,60,0.15,15.455581388953561,0.42857142857142855,7/3000,29458.45,True,34884.14,5425.689999999999,33605.28,False,32201.82,-1403.4599999999991
339,24,35,60,0.2,15.455581388953561,0.42857142857142855,7/3000,29458.45,True,34884.14,5425.689999999999,33605.28,False,32201.82,-1403.4599999999991
340,24,35,60,0.3,15.455581388953561,0.42857142857142855,7/3000,29458.45,True,34884.14,5425.689999999999,33605.28,False,32201.82,-1403.4599999999991
341,24,35,60,0.35,15.455581388953561,0.42857142857142855,7/3000,29458.45,True,34884.14,5425.689999999999,33605.28,False,32201.82,-1403.4599999999991
342,24,35,65,0.05,-4.098010681736525,0.16666666666666666,7/3000,29458.45,True,34671.53,5213.079999999998,36418.76,False,34597.822,-1820.938000000002
343,24,35,65,0.1,1.591790899569844,0.25,5/3000,29458.45,True,34671.53,5213.079999999998,36418.76,False,32776.884000000005,-3641.8759999999966
344,24,35,65,0.15,-3.498972989845825,0.25,5/3000,29458.45,True,34671.53,5213.079999999998,36418.76,False,30955.946,-5462.814000000002
345,24,35,65,0.2,-8.589736879261451,0.25,5/3000,29458.45,True,34671.53,5213.079999999998,36418.76,False,29135.008,-7283.752
346,24,35,65,0.3,-7.5205355228331285,0.0,4/3000,34820.0,False,34590.02,-229.9800000000032,36418.76,False,34671.53,-1747.2300000000032
347,24,35,65,0.35,-7.5205355228331285,0.0,4/3000,34820.0,False,34590.02,-229.9800000000032,36418.76,False,34671.53,-1747.2300000000032
348,24,35,70,0.05,2.932415623032554,0.2,6/3000,29458.45,True,35561.13,6102.679999999997,36418.76,False,34597.822,-1820.938000000002
349,24,35,70,0.1,3.6486577966554705,0.3333333333333333,3/3000,29458.45,True,35561.13,6102.679999999997,36418.76,False,32776.884000000005,-3641.8759999999966
350,24,35,70,0.15,-0.2373331169873154,0.5,3/3000,29458.45,True,35561.13,6102.679999999997,36418.76,False,30955.946,-5462.814000000002
351,24,35,70,0.2,-5.519958175394649,0.5,3/3000,29458.45,True,35561.13,6102.679999999997,36418.76,False,29135.008,-7283.752
352,24,35,70,0.3,-4.410460661731733,0.0,2/3000,36418.76,False,35561.13,-857.6300000000047,36418.76,False,35561.13,-857.6300000000047
353,24,35,70,0.35,-4.410460661731733,0.0,2/3000,36418.76,False,35561.13,-857.6300000000047,36418.76,False,35561.13,-857.6300000000047
354,24,35,75,0.05,2.411943355207086,0.0,3/3000,33637.92,False,31956.023999999998,-1681.8960000000006,36418.76,False,34597.822,-1820.938000000002
355,24,35,75,0.1,2.3405109198183567,0.0,2/3000,36418.76,False,32776.884000000005,-3641.8759999999966,36418.76,False,32776.884000000005,-3641.8759999999966
356,24,35,75,0.15,-2.791848526277775,0.0,2/3000,36418.76,False,30955.946,-5462.814000000002,36418.76,False,30955.946,-5462.814000000002
357,24,35,75,0.2,-7.924207972373907,0.0,2/3000,36418.76,False,29135.008,-7283.752,36418.76,False,29135.008,-7283.752
358,24,35,75,0.3,-6.846270397454504,,1/3000,,,,,,,,
359,24,35,75,0.35,-6.846270397454504,,1/3000,,,,,,,,
360,24,40,60,0.05,-4.054460022562296,0.42857142857142855,14/3000,29458.45,True,34884.14,5425.689999999999,36418.76,False,34597.822,-1820.938000000002
361,24,40,60,0.1,4.314705652450073,0.375,8/3000,29458.45,True,34884.14,5425.689999999999,34262.58,False,30836.322000000004,-3426.257999999998
362,24,40,60,0.15,-0.9273312787922805,0.375,8/3000,29458.45,True,34884.14,5425.689999999999,34262.58,False,29123.193,-5139.387000000002
363,24,40,60,0.2,0.2790799292618118,0.42857142857142855,7/3000,34262.58,True,34884.14,621.5599999999977,33280.96,False,32201.82,-1079.1399999999994
364,24,40,60,0.3,0.2790799292618118,0.42857142857142855,7/3000,34262.58,True,34884.14,621.5599999999977,33280.96,False,32201.82,-1079.1399999999994
365,24,40,60,0.35,0.2790799292618118,0.42857142857142855,7/3000,34262.58,True,34884.14,621.5599999999977,33280.96,False,32201.82,-1079.1399999999994
366,24,40,65,0.05,-6.109882833393144,0.25,9/3000,29458.45,True,34671.53,5213.079999999998,36418.76,False,34597.822,-1820.938000000002
367,24,40,65,0.1,-6.934382428858129,0.2,6/3000,29458.45,True,34671.53,5213.079999999998,36418.76,False,32776.884000000005,-3641.8759999999966
368,24,40,65,0.15,-2.6556192747348604,0.25,5/3000,29458.45,True,34671.53,5213.079999999998,36418.76,False,30955.946,-5462.814000000002
369,24,40,65,0.2,-7.7959922062158284,0.25,5/3000,29458.45,True,34671.53,5213.079999999998,36418.76,False,29135.008,-7283.752
370,24,40,65,0.3,-6.716371577509392,0.0,4/3000,34820.0,False,34590.02,-229.9800000000032,36418.76,False,34671.53,-1747.2300000000032
371,24,40,65,0.35,-6.716371577509392,0.0,4/3000,34820.0,False,34590.02,-229.9800000000032,36418.76,False,34671.53,-1747.2300000000032
372,24,40,70,0.05,0.6374776025286621,0.2,6/3000,29458.45,True,35561.13,6102.679999999997,36418.76,False,34597.822,-1820.938000000002
373,24,40,70,0.1,-5.278761332511252,0.25,5/3000,29458.45,True,35561.13,6102.679999999997,36418.76,False,32776.884000000005,-3641.8759999999966
374,24,40,70,0.15,-0.2373331169873154,0.5,3/3000,29458.45,True,35561.13,6102.679999999997,36418.76,False,30955.946,-5462.814000000002
375,24,40,70,0.2,-5.519958175394649,0.5,3/3000,29458.45,True,35561.13,6102.679999999997,36418.76,False,29135.008,-7283.752
376,24,40,70,0.3,-4.410460661731733,0.0,2/3000,36418.76,False,35561.13,-857.6300000000047,36418.76,False,35561.13,-857.6300000000047
377,24,40,70,0.35,-4.410460661731733,0.0,2/3000,36418.76,False,35561.13,-857.6300000000047,36418.76,False,35561.13,-857.6300000000047
378,24,40,75,0.05,-2.3863263515252697,0.0,4/3000,31457.42,False,29884.548999999995,-1572.8710000000028,36418.76,False,34597.822,-1820.938000000002
379,24,40,75,0.1,-7.063941384985171,0.0,3/3000,33025.5,False,29722.95,-3302.5499999999993,36418.76,False,32776.884000000005,-3641.8759999999966
380,24,40,75,0.15,-2.791848526277775,0.0,2/3000,36418.76,False,30955.946,-5462.814000000002,36418.76,False,30955.946,-5462.814000000002
381,24,40,75,0.2,-7.924207972373907,0.0,2/3000,36418.76,False,29135.008,-7283.752,36418.76,False,29135.008,-7283.752
382,24,40,75,0.3,-6.846270397454504,,1/3000,,,,,,,,
383,24,40,75,0.35,-6.846270397454504,,1/3000,,,,,,,,
