,rsi_len,rsi_lb,rsi_ub,stop_loss,score,win_rate,trade_freq,best_trade_buy,best_trade_win,best_trade_sell,best_trade_diff,worst_trade_buy,worst_trade_win,worst_trade_sell,worst_trade_diff
0,4,25,60,0.05,1.8219339322499053,0.5,4/3000,31782.0,True,32507.68,725.6800000000003,33841.96,False,33044.47,-797.489999999998
1,4,25,60,0.1,1.8219339322499053,0.5,4/3000,31782.0,True,32507.68,725.6800000000003,33841.96,False,33044.47,-797.489999999998
2,4,25,60,0.15,1.8219339322499053,0.5,4/3000,31782.0,True,32507.68,725.6800000000003,33841.96,False,33044.47,-797.489999999998
3,4,25,60,0.2,1.8219339322499053,0.5,4/3000,31782.0,True,32507.68,725.6800000000003,33841.96,False,33044.47,-797.489999999998
4,4,25,60,0.3,1.8219339322499053,0.5,4/3000,31782.0,True,32507.68,725.6800000000003,33841.96,False,33044.47,-797.489999999998
5,4,25,60,0.35,1.8219339322499053,0.5,4/3000,31782.0,True,32507.68,725.6800000000003,33841.96,False,33044.47,-797.489999999998
6,4,25,65,0.05,3.212235607783512,0.5,4/3000,31782.0,True,32773.74,991.739999999998,33841.96,False,33235.51,-606.4499999999971
7,4,25,65,0.1,3.212235607783512,0.5,4/3000,31782.0,True,32773.74,991.739999999998,33841.96,False,33235.51,-606.4499999999971
8,4,25,65,0.15,3.212235607783512,0.5,4/3000,31782.0,True,32773.74,991.739999999998,33841.96,False,33235.51,-606.4499999999971
9,4,25,65,0.2,3.212235607783512,0.5,4/3000,31782.0,True,32773.74,991.739999999998,33841.96,False,33235.51,-606.4499999999971
10,4,25,65,0.3,3.212235607783512,0.5,4/3000,31782.0,True,32773.74,991.739999999998,33841.96,False,33235.51,-606.4499999999971
11,4,25,65,0.35,3.212235607783512,0.5,4/3000,31782.0,True,32773.74,991.739999999998,33841.96,False,33235.51,-606.4499999999971
12,4,25,70,0.05,3.212235607783512,0.5,4/3000,31782.0,True,32773.74,991.739999999998,33841.96,False,33235.51,-606.4499999999971
13,4,25,70,0.1,3.212235607783512,0.5,4/3000,31782.0,True,32773.74,991.739999999998,33841.96,False,33235.51,-606.4499999999971
14,4,25,70,0.15,3.212235607783512,0.5,4/3000,31782.0,True,32773.74,991.739999999998,33841.96,False,33235.51,-606.4499999999971
15,4,25,70,0.2,3.212235607783512,0.5,4/3000,31782.0,True,32773.74,991.739999999998,33841.96,False,33235.51,-606.4499999999971
16,4,25,70,0.3,3.212235607783512,0.5,4/3000,31782.0,True,32773.74,991.739999999998,33841.96,False,33235.51,-606.4499999999971
17,4,25,70,0.35,3.212235607783512,0.5,4/3000,31782.0,True,32773.74,991.739999999998,33841.96,False,33235.51,-606.4499999999971
18,4,25,75,0.05,-0.07403792445633428,0.5,4/3000,31782.0,True,32773.74,991.739999999998,33841.96,False,32149.861999999997,-1692.0980000000018
19,4,25,75,0.1,-0.9948637464327419,0.0,3/3000,33841.96,False,32773.74,-1068.2200000000012,33841.96,False,32773.74,-1068.2200000000012
20,4,25,75,0.15,-0.9948637464327419,0.0,3/3000,33841.96,False,32773.74,-1068.2200000000012,33841.96,False,32773.74,-1068.2200000000012
21,4,25,75,0.2,-0.9948637464327419,0.0,3/3000,33841.96,False,32773.74,-1068.2200000000012,33841.96,False,32773.74,-1068.2200000000012
22,4,25,75,0.3,-0.9948637464327419,0.0,3/3000,33841.96,False,32773.74,-1068.2200000000012,33841.96,False,32773.74,-1068.2200000000012
23,4,25,75,0.35,-0.9948637464327419,0.0,3/3000,33841.96,False,32773.74,-1068.2200000000012,33841.96,False,32773.74,-1068.2200000000012
24,4,30,60,0.05,2.6806861416577306,0.5,6/3000,31782.0,True,32507.68,725.6800000000003,33841.96,False,33044.47,-797.489999999998
25,4,30,60,0.1,2.6806861416577306,0.5,6/3000,31782.0,True,32507.68,725.6800000000003,33841.96,False,33044.47,-797.489999999998
26,4,30,60,0.15,2.6806861416577306,0.5,6/3000,31782.0,True,32507.68,725.6800000000003,33841.96,False,33044.47,-797.489999999998
27,4,30,60,0.2,2.6806861416577306,0.5,6/3000,31782.0,True,32507.68,725.6800000000003,33841.96,False,33044.47,-797.489999999998
28,4,30,60,0.3,2.6806861416577306,0.5,6/3000,31782.0,True,32507.68,725.6800000000003,33841.96,False,33044.47,-797.489999999998
29,4,30,60,0.35,2.6806861416577306,0.5,6/3000,31782.0,True,32507.68,725.6800000000003,33841.96,False,33044.47,-797.489999999998
30,4,30,65,0.05,2.8813833665804083,0.3333333333333333,5/3000,31782.0,True,32773.74,991.739999999998,33841.96,False,33235.51,-606.4499999999971
31,4,30,65,0.1,2.8813833665804083,0.3333333333333333,5/3000,31782.0,True,32773.74,991.739999999998,33841.96,False,33235.51,-606.4499999999971
32,4,30,65,0.15,2.8813833665804083,0.3333333333333333,5/3000,31782.0,True,32773.74,991.739999999998,33841.96,False,33235.51,-606.4499999999971
33,4,30,65,0.2,2.8813833665804083,0.3333333333333333,5/3000,31782.0,True,32773.74,991.739999999998,33841.96,False,33235.51,-606.4499999999971
34,4,30,65,0.3,2.8813833665804083,0.3333333333333333,5/3000,31782.0,True,32773.74,991.739999999998,33841.96,False,33235.51,-606.4499999999971
35,4,30,65,0.35,2.8813833665804083,0.3333333333333333,5/3000,31782.0,True,32773.74,991.739999999998,33841.96,False,33235.51,-606.4499999999971
36,4,30,70,0.05,3.864140103555414,0.5,4/3000,31782.0,True,32773.74,991.739999999998,33624.08,False,33235.51,-388.5699999999997
37,4,30,70,0.1,3.864140103555414,0.5,4/3000,31782.0,True,32773.74,991.739999999998,33624.08,False,33235.51,-388.5699999999997
38,4,30,70,0.15,3.864140103555414,0.5,4/3000,31782.0,True,32773.74,991.739999999998,33624.08,False,33235.51,-388.5699999999997
39,4,30,70,0.2,3.864140103555414,0.5,4/3000,31782.0,True,32773.74,991.739999999998,33624.08,False,33235.51,-388.5699999999997
40,4,30,70,0.3,3.864140103555414,0.5,4/3000,31782.0,True,32773.74,991.739999999998,33624.08,False,33235.51,-388.5699999999997
41,4,30,70,0.35,3.864140103555414,0.5,4/3000,31782.0,True,32773.74,991.739999999998,33624.08,False,33235.51,-388.5699999999997
42,4,30,75,0.05,-0.07403792445632007,0.5,4/3000,31782.0,True,32773.74,991.739999999998,33624.08,False,31942.876,-1681.2040000000015
43,4,30,75,0.1,-0.3702207491850089,0.0,3/3000,33624.08,False,32773.74,-850.3400000000038,33624.08,False,32773.74,-850.3400000000038
44,4,30,75,0.15,-0.3702207491850089,0.0,3/3000,33624.08,False,32773.74,-850.3400000000038,33624.08,False,32773.74,-850.3400000000038
45,4,30,75,0.2,-0.3702207491850089,0.0,3/3000,33624.08,False,32773.74,-850.3400000000038,33624.08,False,32773.74,-850.3400000000038
46,4,30,75,0.3,-0.3702207491850089,0.0,3/3000,33624.08,False,32773.74,-850.3400000000038,33624.08,False,32773.74,-850.3400000000038
47,4,30,75,0.35,-0.3702207491850089,0.0,3/3000,33624.08,False,32773.74,-850.3400000000038,33624.08,False,32773.74,-850.3400000000038
48,4,35,60,0.05,2.5292930811671965,0.5,8/3000,31782.0,True,32507.68,725.6800000000003,33841.96,False,33044.47,-797.489999999998
49,4,35,60,0.1,2.5292930811671965,0.5,8/3000,31782.0,True,32507.68,725.6800000000003,33841.96,False,33044.47,-797.489999999998
50,4,35,60,0.15,2.5292930811671965,0.5,8/3000,31782.0,True,32507.68,725.6800000000003,33841.96,False,33044.47,-797.489999999998
51,4,35,60,0.2,2.5292930811671965,0.5,8/3000,31782.0,True,32507.68,725.6800000000003,33841.96,False,33044.47,-797.489999999998
52,4,35,60,0.3,2.5292930811671965,0.5,8/3000,31782.0,True,32507.68,725.6800000000003,33841.96,False,33044.47,-797.489999999998
53,4,35,60,0.35,2.5292930811671965,0.5,8/3000,31782.0,True,32507.68,725.6800000000003,33841.96,False,33044.47,-797.489999999998
54,4,35,65,0.05,2.505372936673055,0.25,6/3000,31782.0,True,32773.74,991.739999999998,33841.96,False,33235.51,-606.4499999999971
55,4,35,65,0.1,2.505372936673055,0.25,6/3000,31782.0,True,32773.74,991.739999999998,33841.96,False,33235.51,-606.4499999999971
56,4,35,65,0.15,2.505372936673055,0.25,6/3000,31782.0,True,32773.74,991.739999999998,33841.96,False,33235.51,-606.4499999999971
57,4,35,65,0.2,2.505372936673055,0.25,6/3000,31782.0,True,32773.74,991.739999999998,33841.96,False,33235.51,-606.4499999999971
58,4,35,65,0.3,2.505372936673055,0.25,6/3000,31782.0,True,32773.74,991.739999999998,33841.96,False,33235.51,-606.4499999999971
59,4,35,65,0.35,2.505372936673055,0.25,6/3000,31782.0,True,32773.74,991.739999999998,33841.96,False,33235.51,-606.4499999999971
60,4,35,70,0.05,3.4844444869419533,0.3333333333333333,5/3000,31782.0,True,32773.74,991.739999999998,33666.61,False,33235.51,-431.09999999999854
61,4,35,70,0.1,3.4844444869419533,0.3333333333333333,5/3000,31782.0,True,32773.74,991.739999999998,33666.61,False,33235.51,-431.09999999999854
62,4,35,70,0.15,3.4844444869419533,0.3333333333333333,5/3000,31782.0,True,32773.74,991.739999999998,33666.61,False,33235.51,-431.09999999999854
63,4,35,70,0.2,3.4844444869419533,0.3333333333333333,5/3000,31782.0,True,32773.74,991.739999999998,33666.61,False,33235.51,-431.09999999999854
64,4,35,70,0.3,3.4844444869419533,0.3333333333333333,5/3000,31782.0,True,32773.74,991.739999999998,33666.61,False,33235.51,-431.09999999999854
65,4,35,70,0.35,3.4844444869419533,0.3333333333333333,5/3000,31782.0,True,32773.74,991.739999999998,33666.61,False,33235.51,-431.09999999999854
66,4,35,75,0.05,-0.31633303338786334,0.3333333333333333,5/3000,31782.0,True,32773.74,991.739999999998,33666.61,False,31983.2795,-1683.3305
67,4,35,75,0.1,-0.7340381634558355,0.0,4/3000,31909.38,False,31893.69,-15.690000000002328,33666.61,False,32773.74,-892.8700000000026
68,4,35,75,0.15,-0.7340381634558355,0.0,4/3000,31909.38,False,31893.69,-15.690000000002328,33666.61,False,32773.74,-892.8700000000026
69,4,35,75,0.2,-0.7340381634558355,0.0,4/3000,31909.38,False,31893.69,-15.690000000002328,33666.61,False,32773.74,-892.8700000000026
70,4,35,75,0.3,-0.7340381634558355,0.0,4/3000,31909.38,False,31893.69,-15.690000000002328,33666.61,False,32773.74,-892.8700000000026
71,4,35,75,0.35,-0.7340381634558355,0.0,4/3000,31909.38,False,31893.69,-15.690000000002328,33666.61,False,32773.74,-892.8700000000026
72,4,40,60,0.05,0.9514953493870735,0.5555555555555556,10/3000,32686.79,True,33366.05,679.260000000002,34132.01,False,33044.47,-1087.5400000000009
73,4,40,60,0.1,0.9514953493870735,0.5555555555555556,10/3000,32686.79,True,33366.05,679.260000000002,34132.01,False,33044.47,-1087.5400000000009
74,4,40,60,0.15,0.9514953493870735,0.5555555555555556,10/3000,32686.79,True,33366.05,679.260000000002,34132.01,False,33044.47,-1087.5400000000009
75,4,40,60,0.2,0.9514953493870735,0.5555555555555556,10/3000,32686.79,True,33366.05,679.260000000002,34132.01,False,33044.47,-1087.5400000000009
76,4,40,60,0.3,0.9514953493870735,0.5555555555555556,10/3000,32686.79,True,33366.05,679.260000000002,34132.01,False,33044.47,-1087.5400000000009
77,4,40,60,0.35,0.9514953493870735,0.5555555555555556,10/3000,32686.79,True,33366.05,679.260000000002,34132.01,False,33044.47,-1087.5400000000009
78,4,40,65,0.05,0.9279529130127031,0.42857142857142855,8/3000,32686.79,True,33366.05,679.260000000002,34132.01,False,33235.51,-896.5
79,4,40,65,0.1,0.9279529130127031,0.42857142857142855,8/3000,32686.79,True,33366.05,679.260000000002,34132.01,False,33235.51,-896.5
80,4,40,65,0.15,0.9279529130127031,0.42857142857142855,8/3000,32686.79,True,33366.05,679.260000000002,34132.01,False,33235.51,-896.5
81,4,40,65,0.2,0.9279529130127031,0.42857142857142855,8/3000,32686.79,True,33366.05,679.260000000002,34132.01,False,33235.51,-896.5
82,4,40,65,0.3,0.9279529130127031,0.42857142857142855,8/3000,32686.79,True,33366.05,679.260000000002,34132.01,False,33235.51,-896.5
83,4,40,65,0.35,0.9279529130127031,0.42857142857142855,8/3000,32686.79,True,33366.05,679.260000000002,34132.01,False,33235.51,-896.5
84,4,40,70,0.05,3.8468836613776745,0.6,6/3000,32686.79,True,33235.51,548.7200000000012,33017.98,False,32669.55,-348.43000000000393
85,4,40,70,0.1,3.8468836613776745,0.6,6/3000,32686.79,True,33235.51,548.7200000000012,33017.98,False,32669.55,-348.43000000000393
86,4,40,70,0.15,3.8468836613776745,0.6,6/3000,32686.79,True,33235.51,548.7200000000012,33017.98,False,32669.55,-348.43000000000393
87,4,40,70,0.2,3.8468836613776745,0.6,6/3000,32686.79,True,33235.51,548.7200000000012,33017.98,False,32669.55,-348.43000000000393
88,4,40,70,0.3,3.8468836613776745,0.6,6/3000,32686.79,True,33235.51,548.7200000000012,33017.98,False,32669.55,-348.43000000000393
89,4,40,70,0.35,3.8468836613776745,0.6,6/3000,32686.79,True,33235.51,548.7200000000012,33017.98,False,32669.55,-348.43000000000393
90,4,40,75,0.05,2.652813327560125,0.6666666666666666,4/3000,32567.96,True,32952.72,384.76000000000204,31909.38,False,31893.69,-15.690000000002328
91,4,40,75,0.1,2.652813327560125,0.6666666666666666,4/3000,32567.96,True,32952.72,384.76000000000204,31909.38,False,31893.69,-15.690000000002328
92,4,40,75,0.15,2.652813327560125,0.6666666666666666,4/3000,32567.96,True,32952.72,384.76000000000204,31909.38,False,31893.69,-15.690000000002328
93,4,40,75,0.2,2.652813327560125,0.6666666666666666,4/3000,32567.96,True,32952.72,384.76000000000204,31909.38,False,31893.69,-15.690000000002328
94,4,40,75,0.3,2.652813327560125,0.6666666666666666,4/3000,32567.96,True,32952.72,384.76000000000204,31909.38,False,31893.69,-15.690000000002328
95,4,40,75,0.35,2.652813327560125,0.6666666666666666,4/3000,32567.96,True,32952.72,384.76000000000204,31909.38,False,31893.69,-15.690000000002328
96,8,25,60,0.05,4.500664709584157,0.8,6/3000,31383.87,True,32198.9,815.0300000000025,33841.96,False,33044.47,-797.489999999998
97,8,25,60,0.1,4.500664709584157,0.8,6/3000,31383.87,True,32198.9,815.0300000000025,33841.96,False,33044.47,-797.489999999998
98,8,25,60,0.15,4.500664709584157,0.8,6/3000,31383.87,True,32198.9,815.0300000000025,33841.96,False,33044.47,-797.489999999998
99,8,25,60,0.2,4.500664709584157,0.8,6/3000,31383.87,True,32198.9,815.0300000000025,33841.96,False,33044.47,-797.489999999998
100,8,25,60,0.3,4.500664709584157,0.8,6/3000,31383.87,True,32198.9,815.0300000000025,33841.96,False,33044.47,-797.489999999998
101,8,25,60,0.35,4.500664709584157,0.8,6/3000,31383.87,True,32198.9,815.0300000000025,33841.96,False,33044.47,-797.489999999998
102,8,25,65,0.05,4.9884303681993885,0.75,5/3000,31383.87,True,32198.9,815.0300000000025,33841.96,False,33235.51,-606.4499999999971
103,8,25,65,0.1,4.9884303681993885,0.75,5/3000,31383.87,True,32198.9,815.0300000000025,33841.96,False,33235.51,-606.4499999999971
104,8,25,65,0.15,4.9884303681993885,0.75,5/3000,31383.87,True,32198.9,815.0300000000025,33841.96,False,33235.51,-606.4499999999971
105,8,25,65,0.2,4.9884303681993885,0.75,5/3000,31383.87,True,32198.9,815.0300000000025,33841.96,False,33235.51,-606.4499999999971
106,8,25,65,0.3,4.9884303681993885,0.75,5/3000,31383.87,True,32198.9,815.0300000000025,33841.96,False,33235.51,-606.4499999999971
107,8,25,65,0.35,4.9884303681993885,0.75,5/3000,31383.87,True,32198.9,815.0300000000025,33841.96,False,33235.51,-606.4499999999971
108,8,25,70,0.05,6.2892758327815415,0.6666666666666666,5/3000,33413.98,True,34504.94,1090.9599999999991,33841.96,False,33235.51,-606.4499999999971
109,8,25,70,0.1,6.2892758327815415,0.6666666666666666,5/3000,33413.98,True,34504.94,1090.9599999999991,33841.96,False,33235.51,-606.4499999999971
110,8,25,70,0.15,6.2892758327815415,0.6666666666666666,5/3000,33413.98,True,34504.94,1090.9599999999991,33841.96,False,33235.51,-606.4499999999971
111,8,25,70,0.2,6.2892758327815415,0.6666666666666666,5/3000,33413.98,True,34504.94,1090.9599999999991,33841.96,False,33235.51,-606.4499999999971
112,8,25,70,0.3,6.2892758327815415,0.6666666666666666,5/3000,33413.98,True,34504.94,1090.9599999999991,33841.96,False,33235.51,-606.4499999999971
113,8,25,70,0.35,6.2892758327815415,0.6666666666666666,5/3000,33413.98,True,34504.94,1090.9599999999991,33841.96,False,33235.51,-606.4499999999971
114,8,25,75,0.05,-2.687252841968572,0.5,4/3000,31782.0,True,31893.69,111.68999999999869,33413.98,False,31743.281000000003,-1670.6990000000005
115,8,25,75,0.1,-2.3818103984871755,0.0,3/3000,33413.98,False,31893.69,-1520.2900000000045,33413.98,False,31893.69,-1520.2900000000045
116,8,25,75,0.15,-2.3818103984871755,0.0,3/3000,33413.98,False,31893.69,-1520.2900000000045,33413.98,False,31893.69,-1520.2900000000045
117,8,25,75,0.2,-2.3818103984871755,0.0,3/3000,33413.98,False,31893.69,-1520.2900000000045,33413.98,False,31893.69,-1520.2900000000045
118,8,25,75,0.3,-2.3818103984871755,0.0,3/3000,33413.98,False,31893.69,-1520.2900000000045,33413.98,False,31893.69,-1520.2900000000045
119,8,25,75,0.35,-2.3818103984871755,0.0,3/3000,33413.98,False,31893.69,-1520.2900000000045,33413.98,False,31893.69,-1520.2900000000045
120,8,30,60,0.05,3.4595106292467506,0.75,10/3000,31383.87,True,32198.9,815.0300000000025,33841.96,False,33044.47,-797.489999999998
121,8,30,60,0.1,3.4595106292467506,0.75,10/3000,31383.87,True,32198.9,815.0300000000025,33841.96,False,33044.47,-797.489999999998
122,8,30,60,0.15,3.4595106292467506,0.75,10/3000,31383.87,True,32198.9,815.0300000000025,33841.96,False,33044.47,-797.489999999998
123,8,30,60,0.2,3.4595106292467506,0.75,10/3000,31383.87,True,32198.9,815.0300000000025,33841.96,False,33044.47,-797.489999999998
124,8,30,60,0.3,3.4595106292467506,0.75,10/3000,31383.87,True,32198.9,815.0300000000025,33841.96,False,33044.47,-797.489999999998
125,8,30,60,0.35,3.4595106292467506,0.75,10/3000,31383.87,True,32198.9,815.0300000000025,33841.96,False,33044.47,-797.489999999998
126,8,30,65,0.05,1.1654421515657276,0.6,7/3000,31383.87,True,32198.9,815.0300000000025,33841.96,False,33235.51,-606.4499999999971
127,8,30,65,0.1,1.1654421515657276,0.6,7/3000,31383.87,True,32198.9,815.0300000000025,33841.96,False,33235.51,-606.4499999999971
128,8,30,65,0.15,1.1654421515657276,0.6,7/3000,31383.87,True,32198.9,815.0300000000025,33841.96,False,33235.51,-606.4499999999971
129,8,30,65,0.2,1.1654421515657276,0.6,7/3000,31383.87,True,32198.9,815.0300000000025,33841.96,False,33235.51,-606.4499999999971
130,8,30,65,0.3,1.1654421515657276,0.6,7/3000,31383.87,True,32198.9,815.0300000000025,33841.96,False,33235.51,-606.4499999999971
131,8,30,65,0.35,1.1654421515657276,0.6,7/3000,31383.87,True,32198.9,815.0300000000025,33841.96,False,33235.51,-606.4499999999971
132,8,30,70,0.05,3.872126355685438,0.5,6/3000,33413.98,True,34504.94,1090.9599999999991,33841.96,False,33235.51,-606.4499999999971
133,8,30,70,0.1,3.872126355685438,0.5,6/3000,33413.98,True,34504.94,1090.9599999999991,33841.96,False,33235.51,-606.4499999999971
134,8,30,70,0.15,3.872126355685438,0.5,6/3000,33413.98,True,34504.94,1090.9599999999991,33841.96,False,33235.51,-606.4499999999971
135,8,30,70,0.2,3.872126355685438,0.5,6/3000,33413.98,True,34504.94,1090.9599999999991,33841.96,False,33235.51,-606.4499999999971
136,8,30,70,0.3,3.872126355685438,0.5,6/3000,33413.98,True,34504.94,1090.9599999999991,33841.96,False,33235.51,-606.4499999999971
137,8,30,70,0.35,3.872126355685438,0.5,6/3000,33413.98,True,34504.94,1090.9599999999991,33841.96,False,33235.51,-606.4499999999971
138,8,30,75,0.05,-2.687252841968572,0.5,4/3000,31782.0,True,31893.69,111.68999999999869,33413.98,False,31743.281000000003,-1670.6990000000005
139,8,30,75,0.1,-2.3818103984871755,0.0,3/3000,33413.98,False,31893.69,-1520.2900000000045,33413.98,False,31893.69,-1520.2900000000045
140,8,30,75,0.15,-2.3818103984871755,0.0,3/3000,33413.98,False,31893.69,-1520.2900000000045,33413.98,False,31893.69,-1520.2900000000045
141,8,30,75,0.2,-2.3818103984871755,0.0,3/3000,33413.98,False,31893.69,-1520.2900000000045,33413.98,False,31893.69,-1520.2900000000045
142,8,30,75,0.3,-2.3818103984871755,0.0,3/3000,33413.98,False,31893.69,-1520.2900000000045,33413.98,False,31893.69,-1520.2900000000045
143,8,30,75,0.35,-2.3818103984871755,0.0,3/3000,33413.98,False,31893.69,-1520.2900000000045,33413.98,False,31893.69,-1520.2900000000045
144,8,35,60,0.05,1.5166770643567133,0.6,11/3000,31383.87,True,32198.9,815.0300000000025,33841.96,False,33044.47,-797.489999999998
145,8,35,60,0.1,1.5166770643567133,0.6,11/3000,31383.87,True,32198.9,815.0300000000025,33841.96,False,33044.47,-797.489999999998
146,8,35,60,0.15,1.5166770643567133,0.6,11/3000,31383.87,True,32198.9,815.0300000000025,33841.96,False,33044.47,-797.489999999998
147,8,35,60,0.2,1.5166770643567133,0.6,11/3000,31383.87,True,32198.9,815.0300000000025,33841.96,False,33044.47,-797.489999999998
148,8,35,60,0.3,1.5166770643567133,0.6,11/3000,31383.87,True,32198.9,815.0300000000025,33841.96,False,33044.47,-797.489999999998
149,8,35,60,0.35,1.5166770643567133,0.6,11/3000,31383.87,True,32198.9,815.0300000000025,33841.96,False,33044.47,-797.489999999998
150,8,35,65,0.05,1.0463649984697412,0.5714285714285714,8/3000,31383.87,True,32198.9,815.0300000000025,33841.96,False,33235.51,-606.4499999999971
151,8,35,65,0.1,1.0463649984697412,0.5714285714285714,8/3000,31383.87,True,32198.9,815.0300000000025,33841.96,False,33235.51,-606.4499999999971
152,8,35,65,0.15,1.0463649984697412,0.5714285714285714,8/3000,31383.87,True,32198.9,815.0300000000025,33841.96,False,33235.51,-606.4499999999971
153,8,35,65,0.2,1.0463649984697412,0.5714285714285714,8/3000,31383.87,True,32198.9,815.0300000000025,33841.96,False,33235.51,-606.4499999999971
154,8,35,65,0.3,1.0463649984697412,0.5714285714285714,8/3000,31383.87,True,32198.9,815.0300000000025,33841.96,False,33235.51,-606.4499999999971
155,8,35,65,0.35,1.0463649984697412,0.5714285714285714,8/3000,31383.87,True,32198.9,815.0300000000025,33841.96,False,33235.51,-606.4499999999971
156,8,35,70,0.05,2.0239358142688815,0.4,6/3000,33624.08,True,34504.94,880.8600000000006,33841.96,False,33235.51,-606.4499999999971
157,8,35,70,0.1,2.0239358142688815,0.4,6/3000,33624.08,True,34504.94,880.8600000000006,33841.96,False,33235.51,-606.4499999999971
158,8,35,70,0.15,2.0239358142688815,0.4,6/3000,33624.08,True,34504.94,880.8600000000006,33841.96,False,33235.51,-606.4499999999971
159,8,35,70,0.2,2.0239358142688815,0.4,6/3000,33624.08,True,34504.94,880.8600000000006,33841.96,False,33235.51,-606.4499999999971
160,8,35,70,0.3,2.0239358142688815,0.4,6/3000,33624.08,True,34504.94,880.8600000000006,33841.96,False,33235.51,-606.4499999999971
161,8,35,70,0.35,2.0239358142688815,0.4,6/3000,33624.08,True,34504.94,880.8600000000006,33841.96,False,33235.51,-606.4499999999971
162,8,35,75,0.05,-2.221674193613012,0.6666666666666666,4/3000,32567.96,True,32952.72,384.76000000000204,33624.08,False,31942.876,-1681.2040000000015
163,8,35,75,0.1,-2.5113207960325354,0.5,3/3000,32567.96,True,32952.72,384.76000000000204,33624.08,False,31893.69,-1730.390000000003
164,8,35,75,0.15,-2.5113207960325354,0.5,3/3000,32567.96,True,32952.72,384.76000000000204,33624.08,False,31893.69,-1730.390000000003
165,8,35,75,0.2,-2.5113207960325354,0.5,3/3000,32567.96,True,32952.72,384.76000000000204,33624.08,False,31893.69,-1730.390000000003
166,8,35,75,0.3,-2.5113207960325354,0.5,3/3000,32567.96,True,32952.72,384.76000000000204,33624.08,False,31893.69,-1730.390000000003
167,8,35,75,0.35,-2.5113207960325354,0.5,3/3000,32567.96,True,32952.72,384.76000000000204,33624.08,False,31893.69,-1730.390000000003
168,8,40,60,0.05,3.6511179117301538,0.6666666666666666,13/3000,31383.87,True,32198.9,815.0300000000025,33841.96,False,33044.47,-797.489999999998
169,8,40,60,0.1,3.6511179117301538,0.6666666666666666,13/3000,31383.87,True,32198.9,815.0300000000025,33841.96,False,33044.47,-797.489999999998
170,8,40,60,0.15,3.6511179117301538,0.6666666666666666,13/3000,31383.87,True,32198.9,815.0300000000025,33841.96,False,33044.47,-797.489999999998
171,8,40,60,0.2,3.6511179117301538,0.6666666666666666,13/3000,31383.87,True,32198.9,815.0300000000025,33841.96,False,33044.47,-797.489999999998
172,8,40,60,0.3,3.6511179117301538,0.6666666666666666,13/3000,31383.87,True,32198.9,815.0300000000025,33841.96,False,33044.47,-797.489999999998
173,8,40,60,0.35,3.6511179117301538,0.6666666666666666,13/3000,31383.87,True,32198.9,815.0300000000025,33841.96,False,33044.47,-797.489999999998
174,8,40,65,0.05,1.7272770567031586,0.625,9/3000,31383.87,True,32198.9,815.0300000000025,34132.01,False,33235.51,-896.5
175,8,40,65,0.1,1.7272770567031586,0.625,9/3000,31383.87,True,32198.9,815.0300000000025,34132.01,False,33235.51,-896.5
176,8,40,65,0.15,1.7272770567031586,0.625,9/3000,31383.87,True,32198.9,815.0300000000025,34132.01,False,33235.51,-896.5
177,8,40,65,0.2,1.7272770567031586,0.625,9/3000,31383.87,True,32198.9,815.0300000000025,34132.01,False,33235.51,-896.5
178,8,40,65,0.3,1.7272770567031586,0.625,9/3000,31383.87,True,32198.9,815.0300000000025,34132.01,False,33235.51,-896.5
179,8,40,65,0.35,1.7272770567031586,0.625,9/3000,31383.87,True,32198.9,815.0300000000025,34132.01,False,33235.51,-896.5
180,8,40,70,0.05,2.899511646791879,0.5,7/3000,33666.61,True,34504.94,838.3300000000017,34132.01,False,33235.51,-896.5
181,8,40,70,0.1,2.899511646791879,0.5,7/3000,33666.61,True,34504.94,838.3300000000017,34132.01,False,33235.51,-896.5
182,8,40,70,0.15,2.899511646791879,0.5,7/3000,33666.61,True,34504.94,838.3300000000017,34132.01,False,33235.51,-896.5
183,8,40,70,0.2,2.899511646791879,0.5,7/3000,33666.61,True,34504.94,838.3300000000017,34132.01,False,33235.51,-896.5
184,8,40,70,0.3,2.899511646791879,0.5,7/3000,33666.61,True,34504.94,838.3300000000017,34132.01,False,33235.51,-896.5
185,8,40,70,0.35,2.899511646791879,0.5,7/3000,33666.61,True,34504.94,838.3300000000017,34132.01,False,33235.51,-896.5
186,8,40,75,0.05,-2.364996878035072,0.5,3/3000,32567.96,True,32952.72,384.76000000000204,32686.79,False,31052.4505,-1634.3395000000019
187,8,40,75,0.1,0.2093769401810448,0.5,3/3000,32567.96,True,32952.72,384.76000000000204,32686.79,False,31893.69,-793.1000000000022
188,8,40,75,0.15,0.2093769401810448,0.5,3/3000,32567.96,True,32952.72,384.76000000000204,32686.79,False,31893.69,-793.1000000000022
189,8,40,75,0.2,0.2093769401810448,0.5,3/3000,32567.96,True,32952.72,384.76000000000204,32686.79,False,31893.69,-793.1000000000022
190,8,40,75,0.3,0.2093769401810448,0.5,3/3000,32567.96,True,32952.72,384.76000000000204,32686.79,False,31893.69,-793.1000000000022
191,8,40,75,0.35,0.2093769401810448,0.5,3/3000,32567.96,True,32952.72,384.76000000000204,32686.79,False,31893.69,-793.1000000000022
192,14,25,60,0.05,1.5655194519070506,0.5,3/3000,31782.0,True,32286.84,504.84000000000015,33841.96,False,33235.51,-606.4499999999971
193,14,25,60,0.1,1.5655194519070506,0.5,3/3000,31782.0,True,32286.84,504.84000000000015,33841.96,False,33235.51,-606.4499999999971
194,14,25,60,0.15,1.5655194519070506,0.5,3/3000,31782.0,True,32286.84,504.84000000000015,33841.96,False,33235.51,-606.4499999999971
195,14,25,60,0.2,1.5655194519070506,0.5,3/3000,31782.0,True,32286.84,504.84000000000015,33841.96,False,33235.51,-606.4499999999971
196,14,25,60,0.3,1.5655194519070506,0.5,3/3000,31782.0,True,32286.84,504.84000000000015,33841.96,False,33235.51,-606.4499999999971
197,14,25,60,0.35,1.5655194519070506,0.5,3/3000,31782.0,True,32286.84,504.84000000000015,33841.96,False,33235.51,-606.4499999999971
198,14,25,65,0.05,2.242383994143026,0.5,3/3000,31782.0,True,32507.68,725.6800000000003,33841.96,False,33235.51,-606.4499999999971
199,14,25,65,0.1,2.242383994143026,0.5,3/3000,31782.0,True,32507.68,725.6800000000003,33841.96,False,33235.51,-606.4499999999971
200,14,25,65,0.15,2.242383994143026,0.5,3/3000,31782.0,True,32507.68,725.6800000000003,33841.96,False,33235.51,-606.4499999999971
201,14,25,65,0.2,2.242383994143026,0.5,3/3000,31782.0,True,32507.68,725.6800000000003,33841.96,False,33235.51,-606.4499999999971
202,14,25,65,0.3,2.242383994143026,0.5,3/3000,31782.0,True,32507.68,725.6800000000003,33841.96,False,33235.51,-606.4499999999971
203,14,25,65,0.35,2.242383994143026,0.5,3/3000,31782.0,True,32507.68,725.6800000000003,33841.96,False,33235.51,-606.4499999999971
204,14,25,70,0.05,-2.242020844885232,0.5,3/3000,31782.0,True,31893.69,111.68999999999869,33841.96,False,32149.861999999997,-1692.0980000000018
205,14,25,70,0.1,-3.142333176562232,0.0,2/3000,33841.96,False,31893.69,-1948.2700000000004,33841.96,False,31893.69,-1948.2700000000004
206,14,25,70,0.15,-3.142333176562232,0.0,2/3000,33841.96,False,31893.69,-1948.2700000000004,33841.96,False,31893.69,-1948.2700000000004
207,14,25,70,0.2,-3.142333176562232,0.0,2/3000,33841.96,False,31893.69,-1948.2700000000004,33841.96,False,31893.69,-1948.2700000000004
208,14,25,70,0.3,-3.142333176562232,0.0,2/3000,33841.96,False,31893.69,-1948.2700000000004,33841.96,False,31893.69,-1948.2700000000004
209,14,25,70,0.35,-3.142333176562232,0.0,2/3000,33841.96,False,31893.69,-1948.2700000000004,33841.96,False,31893.69,-1948.2700000000004
210,14,25,75,0.05,-2.664133836509066,0.0,2/3000,33841.96,False,32149.861999999997,-1692.0980000000018,33841.96,False,32149.861999999997,-1692.0980000000018
211,14,25,75,0.1,-3.560452128068249,,1/3000,,,,,,,,
212,14,25,75,0.15,-3.560452128068249,,1/3000,,,,,,,,
213,14,25,75,0.2,-3.560452128068249,,1/3000,,,,,,,,
214,14,25,75,0.3,-3.560452128068249,,1/3000,,,,,,,,
215,14,25,75,0.35,-3.560452128068249,,1/3000,,,,,,,,
216,14,30,60,0.05,1.4241375663883815,0.4,6/3000,31383.87,True,32198.9,815.0300000000025,33841.96,False,33235.51,-606.4499999999971
217,14,30,60,0.1,1.4241375663883815,0.4,6/3000,31383.87,True,32198.9,815.0300000000025,33841.96,False,33235.51,-606.4499999999971
218,14,30,60,0.15,1.4241375663883815,0.4,6/3000,31383.87,True,32198.9,815.0300000000025,33841.96,False,33235.51,-606.4499999999971
219,14,30,60,0.2,1.4241375663883815,0.4,6/3000,31383.87,True,32198.9,815.0300000000025,33841.96,False,33235.51,-606.4499999999971
220,14,30,60,0.3,1.4241375663883815,0.4,6/3000,31383.87,True,32198.9,815.0300000000025,33841.96,False,33235.51,-606.4499999999971
221,14,30,60,0.35,1.4241375663883815,0.4,6/3000,31383.87,True,32198.9,815.0300000000025,33841.96,False,33235.51,-606.4499999999971
222,14,30,65,0.05,5.2946835939968935,0.6,6/3000,33413.98,True,34504.94,1090.9599999999991,33841.96,False,33235.51,-606.4499999999971
223,14,30,65,0.1,5.2946835939968935,0.6,6/3000,33413.98,True,34504.94,1090.9599999999991,33841.96,False,33235.51,-606.4499999999971
224,14,30,65,0.15,5.2946835939968935,0.6,6/3000,33413.98,True,34504.94,1090.9599999999991,33841.96,False,33235.51,-606.4499999999971
225,14,30,65,0.2,5.2946835939968935,0.6,6/3000,33413.98,True,34504.94,1090.9599999999991,33841.96,False,33235.51,-606.4499999999971
226,14,30,65,0.3,5.2946835939968935,0.6,6/3000,33413.98,True,34504.94,1090.9599999999991,33841.96,False,33235.51,-606.4499999999971
227,14,30,65,0.35,5.2946835939968935,0.6,6/3000,33413.98,True,34504.94,1090.9599999999991,33841.96,False,33235.51,-606.4499999999971
228,14,30,70,0.05,0.8189149869665044,0.6666666666666666,5/3000,33413.98,True,34504.94,1090.9599999999991,33841.96,False,32149.861999999997,-1692.0980000000018
229,14,30,70,0.1,-0.11035997024697508,0.5,4/3000,33413.98,True,34504.94,1090.9599999999991,33841.96,False,31893.69,-1948.2700000000004
230,14,30,70,0.15,-0.11035997024697508,0.5,4/3000,33413.98,True,34504.94,1090.9599999999991,33841.96,False,31893.69,-1948.2700000000004
231,14,30,70,0.2,-0.11035997024697508,0.5,4/3000,33413.98,True,34504.94,1090.9599999999991,33841.96,False,31893.69,-1948.2700000000004
232,14,30,70,0.3,-0.11035997024697508,0.5,4/3000,33413.98,True,34504.94,1090.9599999999991,33841.96,False,31893.69,-1948.2700000000004
233,14,30,70,0.35,-0.11035997024697508,0.5,4/3000,33413.98,True,34504.94,1090.9599999999991,33841.96,False,31893.69,-1948.2700000000004
234,14,30,75,0.05,-3.269200840961844,0.0,2/3000,33413.98,False,31743.281000000003,-1670.6990000000005,33413.98,False,31743.281000000003,-1670.6990000000005
235,14,30,75,0.1,-2.965635296962546,,1/3000,,,,,,,,
236,14,30,75,0.15,-2.965635296962546,,1/3000,,,,,,,,
237,14,30,75,0.2,-2.965635296962546,,1/3000,,,,,,,,
238,14,30,75,0.3,-2.965635296962546,,1/3000,,,,,,,,
239,14,30,75,0.35,-2.965635296962546,,1/3000,,,,,,,,
240,14,35,60,0.05,1.1980032454838323,0.5714285714285714,8/3000,31383.87,True,32198.9,815.0300000000025,33841.96,False,33235.51,-606.4499999999971
241,14,35,60,0.1,1.1980032454838323,0.5714285714285714,8/3000,31383.87,True,32198.9,815.0300000000025,33841.96,False,33235.51,-606.4499999999971
242,14,35,60,0.15,1.1980032454838323,0.5714285714285714,8/3000,31383.87,True,32198.9,815.0300000000025,33841.96,False,33235.51,-606.4499999999971
243,14,35,60,0.2,1.1980032454838323,0.5714285714285714,8/3000,31383.87,True,32198.9,815.0300000000025,33841.96,False,33235.51,-606.4499999999971
244,14,35,60,0.3,1.1980032454838323,0.5714285714285714,8/3000,31383.87,True,32198.9,815.0300000000025,33841.96,False,33235.51,-606.4499999999971
245,14,35,60,0.35,1.1980032454838323,0.5714285714285714,8/3000,31383.87,True,32198.9,815.0300000000025,33841.96,False,33235.51,-606.4499999999971
246,14,35,65,0.05,4.3174066561152955,0.6666666666666666,7/3000,33413.98,True,34504.94,1090.9599999999991,33841.96,False,33235.51,-606.4499999999971
247,14,35,65,0.1,4.3174066561152955,0.6666666666666666,7/3000,33413.98,True,34504.94,1090.9599999999991,33841.96,False,33235.51,-606.4499999999971
248,14,35,65,0.15,4.3174066561152955,0.6666666666666666,7/3000,33413.98,True,34504.94,1090.9599999999991,33841.96,False,33235.51,-606.4499999999971
249,14,35,65,0.2,4.3174066561152955,0.6666666666666666,7/3000,33413.98,True,34504.94,1090.9599999999991,33841.96,False,33235.51,-606.4499999999971
250,14,35,65,0.3,4.3174066561152955,0.6666666666666666,7/3000,33413.98,True,34504.94,1090.9599999999991,33841.96,False,33235.51,-606.4499999999971
251,14,35,65,0.35,4.3174066561152955,0.6666666666666666,7/3000,33413.98,True,34504.94,1090.9599999999991,33841.96,False,33235.51,-606.4499999999971
252,14,35,70,0.05,1.9194132378686817,0.75,5/3000,33413.98,True,34504.94,1090.9599999999991,33841.96,False,32149.861999999997,-1692.0980000000018
253,14,35,70,0.1,0.9797253479786292,0.6666666666666666,4/3000,33413.98,True,34504.94,1090.9599999999991,33841.96,False,31893.69,-1948.2700000000004
254,14,35,70,0.15,0.9797253479786292,0.6666666666666666,4/3000,33413.98,True,34504.94,1090.9599999999991,33841.96,False,31893.69,-1948.2700000000004
255,14,35,70,0.2,0.9797253479786292,0.6666666666666666,4/3000,33413.98,True,34504.94,1090.9599999999991,33841.96,False,31893.69,-1948.2700000000004
256,14,35,70,0.3,0.9797253479786292,0.6666666666666666,4/3000,33413.98,True,34504.94,1090.9599999999991,33841.96,False,31893.69,-1948.2700000000004
257,14,35,70,0.35,0.9797253479786292,0.6666666666666666,4/3000,33413.98,True,34504.94,1090.9599999999991,33841.96,False,31893.69,-1948.2700000000004
258,14,35,75,0.05,-1.743820567821885,,1/3000,,,,,,,,
259,14,35,75,0.1,-1.743820567821885,,1/3000,,,,,,,,
260,14,35,75,0.15,-1.743820567821885,,1/3000,,,,,,,,
261,14,35,75,0.2,-1.743820567821885,,1/3000,,,,,,,,
262,14,35,75,0.3,-1.743820567821885,,1/3000,,,,,,,,
263,14,35,75,0.35,-1.743820567821885,,1/3000,,,,,,,,
264,14,40,60,0.05,-0.2713872361094758,0.625,9/3000,31605.21,True,32198.9,593.6900000000023,33017.98,False,32286.84,-731.140000000003
265,14,40,60,0.1,-0.2713872361094758,0.625,9/3000,31605.21,True,32198.9,593.6900000000023,33017.98,False,32286.84,-731.140000000003
266,14,40,60,0.15,-0.2713872361094758,0.625,9/3000,31605.21,True,32198.9,593.6900000000023,33017.98,False,32286.84,-731.140000000003
267,14,40,60,0.2,-0.2713872361094758,0.625,9/3000,31605.21,True,32198.9,593.6900000000023,33017.98,False,32286.84,-731.140000000003
268,14,40,60,0.3,-0.2713872361094758,0.625,9/3000,31605.21,True,32198.9,593.6900000000023,33017.98,False,32286.84,-731.140000000003
269,14,40,60,0.35,-0.2713872361094758,0.625,9/3000,31605.21,True,32198.9,593.6900000000023,33017.98,False,32286.84,-731.140000000003
270,14,40,65,0.05,1.0918619413286308,0.5,7/3000,33624.08,True,34504.94,880.8600000000006,33841.96,False,33235.51,-606.4499999999971
271,14,40,65,0.1,1.0918619413286308,0.5,7/3000,33624.08,True,34504.94,880.8600000000006,33841.96,False,33235.51,-606.4499999999971
272,14,40,65,0.15,1.0918619413286308,0.5,7/3000,33624.08,True,34504.94,880.8600000000006,33841.96,False,33235.51,-606.4499999999971
273,14,40,65,0.2,1.0918619413286308,0.5,7/3000,33624.08,True,34504.94,880.8600000000006,33841.96,False,33235.51,-606.4499999999971
274,14,40,65,0.3,1.0918619413286308,0.5,7/3000,33624.08,True,34504.94,880.8600000000006,33841.96,False,33235.51,-606.4499999999971
275,14,40,65,0.35,1.0918619413286308,0.5,7/3000,33624.08,True,34504.94,880.8600000000006,33841.96,False,33235.51,-606.4499999999971
276,14,40,70,0.05,0.6077044068292281,0.75,5/3000,33624.08,True,34504.94,880.8600000000006,33841.96,False,32149.861999999997,-1692.0980000000018
277,14,40,70,0.1,-0.3195720723769,0.6666666666666666,4/3000,33624.08,True,34504.94,880.8600000000006,33841.96,False,31893.69,-1948.2700000000004
278,14,40,70,0.15,-0.3195720723769,0.6666666666666666,4/3000,33624.08,True,34504.94,880.8600000000006,33841.96,False,31893.69,-1948.2700000000004
279,14,40,70,0.2,-0.3195720723769,0.6666666666666666,4/3000,33624.08,True,34504.94,880.8600000000006,33841.96,False,31893.69,-1948.2700000000004
280,14,40,70,0.3,-0.3195720723769,0.6666666666666666,4/3000,33624.08,True,34504.94,880.8600000000006,33841.96,False,31893.69,-1948.2700000000004
281,14,40,70,0.35,-0.3195720723769,0.6666666666666666,4/3000,33624.08,True,34504.94,880.8600000000006,33841.96,False,31893.69,-1948.2700000000004
282,14,40,75,0.05,-1.743820567821885,,1/3000,,,,,,,,
283,14,40,75,0.1,-1.743820567821885,,1/3000,,,,,,,,
284,14,40,75,0.15,-1.743820567821885,,1/3000,,,,,,,,
285,14,40,75,0.2,-1.743820567821885,,1/3000,,,,,,,,
286,14,40,75,0.3,-1.743820567821885,,1/3000,,,,,,,,
287,14,40,75,0.35,-1.743820567821885,,1/3000,,,,,,,,
288,24,25,60,0.05,2.193405131511156,,1/3000,,,,,,,,
289,24,25,60,0.1,2.193405131511156,,1/3000,,,,,,,,
290,24,25,60,0.15,2.193405131511156,,1/3000,,,,,,,,
291,24,25,60,0.2,2.193405131511156,,1/3000,,,,,,,,
292,24,25,60,0.3,2.193405131511156,,1/3000,,,,,,,,
293,24,25,60,0.35,2.193405131511156,,1/3000,,,,,,,,
294,24,25,65,0.05,2.815363128070871,,1/3000,,,,,,,,
295,24,25,65,0.1,2.815363128070871,,1/3000,,,,,,,,
296,24,25,65,0.15,2.815363128070871,,1/3000,,,,,,,,
297,24,25,65,0.2,2.815363128070871,,1/3000,,,,,,,,
298,24,25,65,0.3,2.815363128070871,,1/3000,,,,,,,,
299,24,25,65,0.35,2.815363128070871,,1/3000,,,,,,,,
300,24,25,70,0.05,0.0,,0/3000,,,,,,,,
301,24,25,70,0.1,0.0,,0/3000,,,,,,,,
302,24,25,70,0.15,0.0,,0/3000,,,,,,,,
303,24,25,70,0.2,0.0,,0/3000,,,,,,,,
304,24,25,70,0.3,0.0,,0/3000,,,,,,,,
305,24,25,70,0.35,0.0,,0/3000,,,,,,,,
306,24,25,75,0.05,0.0,,0/3000,,,,,,,,
307,24,25,75,0.1,0.0,,0/3000,,,,,,,,
308,24,25,75,0.15,0.0,,0/3000,,,,,,,,
309,24,25,75,0.2,0.0,,0/3000,,,,,,,,
310,24,25,75,0.3,0.0,,0/3000,,,,,,,,
311,24,25,75,0.35,0.0,,0/3000,,,,,,,,
312,24,30,60,0.05,4.263630685150105,1.0,2/3000,31782.0,True,32507.68,725.6800000000003,31782.0,True,32507.68,725.6800000000003
313,24,30,60,0.1,4.263630685150105,1.0,2/3000,31782.0,True,32507.68,725.6800000000003,31782.0,True,32507.68,725.6800000000003
314,24,30,60,0.15,4.263630685150105,1.0,2/3000,31782.0,True,32507.68,725.6800000000003,31782.0,True,32507.68,725.6800000000003
315,24,30,60,0.2,4.263630685150105,1.0,2/3000,31782.0,True,32507.68,725.6800000000003,31782.0,True,32507.68,725.6800000000003
316,24,30,60,0.3,4.263630685150105,1.0,2/3000,31782.0,True,32507.68,725.6800000000003,31782.0,True,32507.68,725.6800000000003
317,24,30,60,0.35,4.263630685150105,1.0,2/3000,31782.0,True,32507.68,725.6800000000003,31782.0,True,32507.68,725.6800000000003
318,24,30,65,0.05,5.97571512154083,1.0,2/3000,31782.0,True,32850.01,1068.010000000002,31782.0,True,32850.01,1068.010000000002
319,24,30,65,0.1,5.97571512154083,1.0,2/3000,31782.0,True,32850.01,1068.010000000002,31782.0,True,32850.01,1068.010000000002
320,24,30,65,0.15,5.97571512154083,1.0,2/3000,31782.0,True,32850.01,1068.010000000002,31782.0,True,32850.01,1068.010000000002
321,24,30,65,0.2,5.97571512154083,1.0,2/3000,31782.0,True,32850.01,1068.010000000002,31782.0,True,32850.01,1068.010000000002
322,24,30,65,0.3,5.97571512154083,1.0,2/3000,31782.0,True,32850.01,1068.010000000002,31782.0,True,32850.01,1068.010000000002
323,24,30,65,0.35,5.97571512154083,1.0,2/3000,31782.0,True,32850.01,1068.010000000002,31782.0,True,32850.01,1068.010000000002
324,24,30,70,0.05,-0.5504587030394674,,1/3000,,,,,,,,
325,24,30,70,0.1,-0.5504587030394674,,1/3000,,,,,,,,
326,24,30,70,0.15,-0.5504587030394674,,1/3000,,,,,,,,
327,24,30,70,0.2,-0.5504587030394674,,1/3000,,,,,,,,
328,24,30,70,0.3,-0.5504587030394674,,1/3000,,,,,,,,
329,24,30,70,0.35,-0.5504587030394674,,1/3000,,,,,,,,
330,24,30,75,0.05,-0.5504587030394674,,1/3000,,,,,,,,
331,24,30,75,0.1,-0.5504587030394674,,1/3000,,,,,,,,
332,24,30,75,0.15,-0.5504587030394674,,1/3000,,,,,,,,
333,24,30,75,0.2,-0.5504587030394674,,1/3000,,,,,,,,
334,24,30,75,0.3,-0.5504587030394674,,1/3000,,,,,,,,
335,24,30,75,0.35,-0.5504587030394674,,1/3000,,,,,,,,
336,24,35,60,0.05,5.2946835939968935,0.6,6/3000,33413.98,True,34504.94,1090.9599999999991,33841.96,False,33235.51,-606.4499999999971
337,24,35,60,0.1,5.2946835939968935,0.6,6/3000,33413.98,True,34504.94,1090.9599999999991,33841.96,False,33235.51,-606.4499999999971
338,24,35,60,0.15,5.2946835939968935,0.6,6/3000,33413.98,True,34504.94,1090.9599999999991,33841.96,False,33235.51,-606.4499999999971
339,24,35,60,0.2,5.2946835939968935,0.6,6/3000,33413.98,True,34504.94,1090.9599999999991,33841.96,False,33235.51,-606.4499999999971
340,24,35,60,0.3,5.2946835939968935,0.6,6/3000,33413.98,True,34504.94,1090.9599999999991,33841.96,False,33235.51,-606.4499999999971
341,24,35,60,0.35,5.2946835939968935,0.6,6/3000,33413.98,True,34504.94,1090.9599999999991,33841.96,False,33235.51,-606.4499999999971
342,24,35,65,0.05,4.321166979616578,0.75,5/3000,33413.98,True,34504.94,1090.9599999999991,33841.96,False,32149.861999999997,-1692.0980000000018
343,24,35,65,0.1,3.35875365604403,0.6666666666666666,4/3000,33413.98,True,34504.94,1090.9599999999991,33841.96,False,32850.01,-991.9499999999971
344,24,35,65,0.15,3.35875365604403,0.6666666666666666,4/3000,33413.98,True,34504.94,1090.9599999999991,33841.96,False,32850.01,-991.9499999999971
345,24,35,65,0.2,3.35875365604403,0.6666666666666666,4/3000,33413.98,True,34504.94,1090.9599999999991,33841.96,False,32850.01,-991.9499999999971
346,24,35,65,0.3,3.35875365604403,0.6666666666666666,4/3000,33413.98,True,34504.94,1090.9599999999991,33841.96,False,32850.01,-991.9499999999971
347,24,35,65,0.35,3.35875365604403,0.6666666666666666,4/3000,33413.98,True,34504.94,1090.9599999999991,33841.96,False,32850.01,-991.9499999999971
348,24,35,70,0.05,-3.269200840961844,0.0,2/3000,33413.98,False,31743.281000000003,-1670.6990000000005,33413.98,False,31743.281000000003,-1670.6990000000005
349,24,35,70,0.1,-2.965635296962546,,1/3000,,,,,,,,
350,24,35,70,0.15,-2.965635296962546,,1/3000,,,,,,,,
351,24,35,70,0.2,-2.965635296962546,,1/3000,,,,,,,,
352,24,35,70,0.3,-2.965635296962546,,1/3000,,,,,,,,
353,24,35,70,0.35,-2.965635296962546,,1/3000,,,,,,,,
354,24,35,75,0.05,-3.269200840961844,0.0,2/3000,33413.98,False,31743.281000000003,-1670.6990000000005,33413.98,False,31743.281000000003,-1670.6990000000005
355,24,35,75,0.1,-2.965635296962546,,1/3000,,,,,,,,
356,24,35,75,0.15,-2.965635296962546,,1/3000,,,,,,,,
357,24,35,75,0.2,-2.965635296962546,,1/3000,,,,,,,,
358,24,35,75,0.3,-2.965635296962546,,1/3000,,,,,,,,
359,24,35,75,0.35,-2.965635296962546,,1/3000,,,,,,,,
360,24,40,60,0.05,4.3174066561152955,0.6666666666666666,7/3000,33413.98,True,34504.94,1090.9599999999991,33841.96,False,33235.51,-606.4499999999971
361,24,40,60,0.1,4.3174066561152955,0.6666666666666666,7/3000,33413.98,True,34504.94,1090.9599999999991,33841.96,False,33235.51,-606.4499999999971
362,24,40,60,0.15,4.3174066561152955,0.6666666666666666,7/3000,33413.98,True,34504.94,1090.9599999999991,33841.96,False,33235.51,-606.4499999999971
363,24,40,60,0.2,4.3174066561152955,0.6666666666666666,7/3000,33413.98,True,34504.94,1090.9599999999991,33841.96,False,33235.51,-606.4499999999971
364,24,40,60,0.3,4.3174066561152955,0.6666666666666666,7/3000,33413.98,True,34504.94,1090.9599999999991,33841.96,False,33235.51,-606.4499999999971
365,24,40,60,0.35,4.3174066561152955,0.6666666666666666,7/3000,33413.98,True,34504.94,1090.9599999999991,33841.96,False,33235.51,-606.4499999999971
366,24,40,65,0.05,3.983676986355192,0.8,6/3000,33413.98,True,34504.94,1090.9599999999991,33841.96,False,32149.861999999997,-1692.0980000000018
367,24,40,65,0.1,3.024456998688464,0.75,5/3000,33413.98,True,34504.94,1090.9599999999991,33841.96,False,32850.01,-991.9499999999971
368,24,40,65,0.15,3.024456998688464,0.75,5/3000,33413.98,True,34504.94,1090.9599999999991,33841.96,False,32850.01,-991.9499999999971
369,24,40,65,0.2,3.024456998688464,0.75,5/3000,33413.98,True,34504.94,1090.9599999999991,33841.96,False,32850.01,-991.9499999999971
370,24,40,65,0.3,3.024456998688464,0.75,5/3000,33413.98,True,34504.94,1090.9599999999991,33841.96,False,32850.01,-991.9499999999971
371,24,40,65,0.35,3.024456998688464,0.75,5/3000,33413.98,True,34504.94,1090.9599999999991,33841.96,False,32850.01,-991.9499999999971
372,24,40,70,0.05,-1.743820567821885,,1/3000,,,,,,,,
373,24,40,70,0.1,-1.743820567821885,,1/3000,,,,,,,,
374,24,40,70,0.15,-1.743820567821885,,1/3000,,,,,,,,
375,24,40,70,0.2,-1.743820567821885,,1/3000,,,,,,,,
376,24,40,70,0.3,-1.743820567821885,,1/3000,,,,,,,,
377,24,40,70,0.35,-1.743820567821885,,1/3000,,,,,,,,
378,24,40,75,0.05,-1.743820567821885,,1/3000,,,,,,,,
379,24,40,75,0.1,-1.743820567821885,,1/3000,,,,,,,,
380,24,40,75,0.15,-1.743820567821885,,1/3000,,,,,,,,
381,24,40,75,0.2,-1.743820567821885,,1/3000,,,,,,,,
382,24,40,75,0.3,-1.743820567821885,,1/3000,,,,,,,,
383,24,40,75,0.35,-1.743820567821885,,1/3000,,,,,,,,
